# 3375
3.750000000000000000e+00
3.418367346938775420e+00
3.137755102040816091e+00
2.908163265306122458e+00
2.729591836734694077e+00
2.602040816326530503e+00
2.525510204081632626e+00
2.500000000000000000e+00
2.525510204081632626e+00
2.602040816326530503e+00
2.729591836734694077e+00
2.908163265306122902e+00
3.137755102040816091e+00
3.418367346938775864e+00
3.750000000000000000e+00
3.418367346938775420e+00
3.086734693877550839e+00
2.806122448979591510e+00
2.576530612244897878e+00
2.397959183673469497e+00
2.270408163265305923e+00
2.193877551020408045e+00
2.168367346938775420e+00
2.193877551020408045e+00
2.270408163265305923e+00
2.397959183673469497e+00
2.576530612244898322e+00
2.806122448979591510e+00
3.086734693877551283e+00
3.418367346938775420e+00
3.137755102040816091e+00
2.806122448979591510e+00
2.525510204081632626e+00
2.295918367346938993e+00
2.117346938775510168e+00
1.989795918367347038e+00
1.913265306122448939e+00
1.887755102040816313e+00
1.913265306122448939e+00
1.989795918367347038e+00
2.117346938775510168e+00
2.295918367346938993e+00
2.525510204081632626e+00
2.806122448979592399e+00
3.137755102040816091e+00
2.908163265306122458e+00
2.576530612244897878e+00
2.295918367346938993e+00
2.066326530612244916e+00
1.887755102040816313e+00
1.760204081632652962e+00
1.683673469387755084e+00
1.658163265306122458e+00
1.683673469387755084e+00
1.760204081632653184e+00
1.887755102040816535e+00
2.066326530612244916e+00
2.295918367346938993e+00
2.576530612244898322e+00
2.908163265306122458e+00
2.729591836734694077e+00
2.397959183673469497e+00
2.117346938775510168e+00
1.887755102040816313e+00
1.709183673469387710e+00
1.581632653061224580e+00
1.505102040816326481e+00
1.479591836734693855e+00
1.505102040816326481e+00
1.581632653061224580e+00
1.709183673469387710e+00
1.887755102040816535e+00
2.117346938775510168e+00
2.397959183673469497e+00
2.729591836734694077e+00
2.602040816326530503e+00
2.270408163265305923e+00
1.989795918367347038e+00
1.760204081632652962e+00
1.581632653061224580e+00
1.454081632653061229e+00
1.377551020408163351e+00
1.352040816326530503e+00
1.377551020408163351e+00
1.454081632653061229e+00
1.581632653061224580e+00
1.760204081632653406e+00
1.989795918367347038e+00
2.270408163265306367e+00
2.602040816326530503e+00
2.525510204081632626e+00
2.193877551020408045e+00
1.913265306122448939e+00
1.683673469387755084e+00
1.505102040816326481e+00
1.377551020408163351e+00
1.301020408163265252e+00
1.275510204081632626e+00
1.301020408163265252e+00
1.377551020408163351e+00
1.505102040816326703e+00
1.683673469387755306e+00
1.913265306122448939e+00
2.193877551020408490e+00
2.525510204081632626e+00
2.500000000000000000e+00
2.168367346938775420e+00
1.887755102040816313e+00
1.658163265306122458e+00
1.479591836734693855e+00
1.352040816326530503e+00
1.275510204081632626e+00
1.250000000000000000e+00
1.275510204081632626e+00
1.352040816326530726e+00
1.479591836734694077e+00
1.658163265306122680e+00
1.887755102040816313e+00
2.168367346938775864e+00
2.500000000000000000e+00
2.525510204081632626e+00
2.193877551020408045e+00
1.913265306122448939e+00
1.683673469387755084e+00
1.505102040816326481e+00
1.377551020408163351e+00
1.301020408163265252e+00
1.275510204081632626e+00
1.301020408163265252e+00
1.377551020408163351e+00
1.505102040816326703e+00
1.683673469387755306e+00
1.913265306122448939e+00
2.193877551020408490e+00
2.525510204081632626e+00
2.602040816326530503e+00
2.270408163265305923e+00
1.989795918367347038e+00
1.760204081632653184e+00
1.581632653061224580e+00
1.454081632653061229e+00
1.377551020408163351e+00
1.352040816326530726e+00
1.377551020408163351e+00
1.454081632653061451e+00
1.581632653061224580e+00
1.760204081632653406e+00
1.989795918367347038e+00
2.270408163265306811e+00
2.602040816326530503e+00
2.729591836734694077e+00
2.397959183673469497e+00
2.117346938775510168e+00
1.887755102040816535e+00
1.709183673469387710e+00
1.581632653061224580e+00
1.505102040816326703e+00
1.479591836734694077e+00
1.505102040816326703e+00
1.581632653061224580e+00
1.709183673469387932e+00
1.887755102040816535e+00
2.117346938775510168e+00
2.397959183673469941e+00
2.729591836734694077e+00
2.908163265306122902e+00
2.576530612244898322e+00
2.295918367346938993e+00
2.066326530612244916e+00
1.887755102040816535e+00
1.760204081632653406e+00
1.683673469387755306e+00
1.658163265306122680e+00
1.683673469387755306e+00
1.760204081632653406e+00
1.887755102040816535e+00
2.066326530612245360e+00
2.295918367346938993e+00
2.576530612244898322e+00
2.908163265306122902e+00
3.137755102040816091e+00
2.806122448979591510e+00
2.525510204081632626e+00
2.295918367346938993e+00
2.117346938775510168e+00
1.989795918367347038e+00
1.913265306122448939e+00
1.887755102040816313e+00
1.913265306122448939e+00
1.989795918367347038e+00
2.117346938775510168e+00
2.295918367346938993e+00
2.525510204081632626e+00
2.806122448979592399e+00
3.137755102040816091e+00
3.418367346938775864e+00
3.086734693877551283e+00
2.806122448979592399e+00
2.576530612244898322e+00
2.397959183673469497e+00
2.270408163265306367e+00
2.193877551020408490e+00
2.168367346938775864e+00
2.193877551020408490e+00
2.270408163265306811e+00
2.397959183673469941e+00
2.576530612244898322e+00
2.806122448979592399e+00
3.086734693877551727e+00
3.418367346938775864e+00
3.750000000000000000e+00
3.418367346938775420e+00
3.137755102040816091e+00
2.908163265306122458e+00
2.729591836734694077e+00
2.602040816326530503e+00
2.525510204081632626e+00
2.500000000000000000e+00
2.525510204081632626e+00
2.602040816326530503e+00
2.729591836734694077e+00
2.908163265306122902e+00
3.137755102040816091e+00
3.418367346938775864e+00
3.750000000000000000e+00
3.418367346938775420e+00
3.086734693877550839e+00
2.806122448979591510e+00
2.576530612244897878e+00
2.397959183673469497e+00
2.270408163265305923e+00
2.193877551020408045e+00
2.168367346938775420e+00
2.193877551020408045e+00
2.270408163265305923e+00
2.397959183673469497e+00
2.576530612244898322e+00
2.806122448979591510e+00
3.086734693877551283e+00
3.418367346938775420e+00
3.086734693877550839e+00
2.755102040816326259e+00
2.474489795918366930e+00
2.244897959183673297e+00
2.066326530612244916e+00
1.938775510204081343e+00
1.862244897959183465e+00
1.836734693877550839e+00
1.862244897959183465e+00
1.938775510204081565e+00
2.066326530612244916e+00
2.244897959183673741e+00
2.474489795918366930e+00
2.755102040816326703e+00
3.086734693877550839e+00
2.806122448979591510e+00
2.474489795918366930e+00
2.193877551020408045e+00
1.964285714285714191e+00
1.785714285714285587e+00
1.658163265306122458e+00
1.581632653061224358e+00
1.556122448979591733e+00
1.581632653061224358e+00
1.658163265306122458e+00
1.785714285714285587e+00
1.964285714285714413e+00
2.193877551020408045e+00
2.474489795918367818e+00
2.806122448979591510e+00
2.576530612244897878e+00
2.244897959183673297e+00
1.964285714285714191e+00
1.734693877551020336e+00
1.556122448979591733e+00
1.428571428571428381e+00
1.352040816326530503e+00
1.326530612244897878e+00
1.352040816326530503e+00
1.428571428571428603e+00
1.556122448979591955e+00
1.734693877551020558e+00
1.964285714285714191e+00
2.244897959183673741e+00
2.576530612244897878e+00
2.397959183673469497e+00
2.066326530612244916e+00
1.785714285714285587e+00
1.556122448979591733e+00
1.377551020408163129e+00
1.250000000000000000e+00
1.173469387755101900e+00
1.147959183673469274e+00
1.173469387755101900e+00
1.250000000000000000e+00
1.377551020408163129e+00
1.556122448979591955e+00
1.785714285714285587e+00
2.066326530612244916e+00
2.397959183673469497e+00
2.270408163265305923e+00
1.938775510204081343e+00
1.658163265306122458e+00
1.428571428571428381e+00
1.250000000000000000e+00
1.122448979591836649e+00
1.045918367346938771e+00
1.020408163265305923e+00
1.045918367346938771e+00
1.122448979591836649e+00
1.250000000000000000e+00
1.428571428571428825e+00
1.658163265306122458e+00
1.938775510204081787e+00
2.270408163265305923e+00
2.193877551020408045e+00
1.862244897959183465e+00
1.581632653061224358e+00
1.352040816326530503e+00
1.173469387755101900e+00
1.045918367346938771e+00
9.693877551020407823e-01
9.438775510204080454e-01
9.693877551020407823e-01
1.045918367346938771e+00
1.173469387755102122e+00
1.352040816326530726e+00
1.581632653061224358e+00
1.862244897959183909e+00
2.193877551020408045e+00
2.168367346938775420e+00
1.836734693877550839e+00
1.556122448979591733e+00
1.326530612244897878e+00
1.147959183673469274e+00
1.020408163265305923e+00
9.438775510204080454e-01
9.183673469387754196e-01
9.438775510204080454e-01
1.020408163265306145e+00
1.147959183673469497e+00
1.326530612244898100e+00
1.556122448979591733e+00
1.836734693877551283e+00
2.168367346938775420e+00
2.193877551020408045e+00
1.862244897959183465e+00
1.581632653061224358e+00
1.352040816326530503e+00
1.173469387755101900e+00
1.045918367346938771e+00
9.693877551020407823e-01
9.438775510204080454e-01
9.693877551020407823e-01
1.045918367346938771e+00
1.173469387755102122e+00
1.352040816326530726e+00
1.581632653061224358e+00
1.862244897959183909e+00
2.193877551020408045e+00
2.270408163265305923e+00
1.938775510204081565e+00
1.658163265306122458e+00
1.428571428571428603e+00
1.250000000000000000e+00
1.122448979591836649e+00
1.045918367346938771e+00
1.020408163265306145e+00
1.045918367346938771e+00
1.122448979591836871e+00
1.250000000000000000e+00
1.428571428571428825e+00
1.658163265306122458e+00
1.938775510204082009e+00
2.270408163265305923e+00
2.397959183673469497e+00
2.066326530612244916e+00
1.785714285714285587e+00
1.556122448979591955e+00
1.377551020408163129e+00
1.250000000000000000e+00
1.173469387755102122e+00
1.147959183673469497e+00
1.173469387755102122e+00
1.250000000000000000e+00
1.377551020408163351e+00
1.556122448979591955e+00
1.785714285714285587e+00
2.066326530612245360e+00
2.397959183673469497e+00
2.576530612244898322e+00
2.244897959183673741e+00
1.964285714285714413e+00
1.734693877551020558e+00
1.556122448979591955e+00
1.428571428571428825e+00
1.352040816326530726e+00
1.326530612244898100e+00
1.352040816326530726e+00
1.428571428571428825e+00
1.556122448979591955e+00
1.734693877551020780e+00
1.964285714285714413e+00
2.244897959183673741e+00
2.576530612244898322e+00
2.806122448979591510e+00
2.474489795918366930e+00
2.193877551020408045e+00
1.964285714285714191e+00
1.785714285714285587e+00
1.658163265306122458e+00
1.581632653061224358e+00
1.556122448979591733e+00
1.581632653061224358e+00
1.658163265306122458e+00
1.785714285714285587e+00
1.964285714285714413e+00
2.193877551020408045e+00
2.474489795918367818e+00
2.806122448979591510e+00
3.086734693877551283e+00
2.755102040816326703e+00
2.474489795918367818e+00
2.244897959183673741e+00
2.066326530612244916e+00
1.938775510204081787e+00
1.862244897959183909e+00
1.836734693877551283e+00
1.862244897959183909e+00
1.938775510204082009e+00
2.066326530612245360e+00
2.244897959183673741e+00
2.474489795918367818e+00
2.755102040816327147e+00
3.086734693877551283e+00
3.418367346938775420e+00
3.086734693877550839e+00
2.806122448979591510e+00
2.576530612244897878e+00
2.397959183673469497e+00
2.270408163265305923e+00
2.193877551020408045e+00
2.168367346938775420e+00
2.193877551020408045e+00
2.270408163265305923e+00
2.397959183673469497e+00
2.576530612244898322e+00
2.806122448979591510e+00
3.086734693877551283e+00
3.418367346938775420e+00
3.137755102040816091e+00
2.806122448979591510e+00
2.525510204081632626e+00
2.295918367346938993e+00
2.117346938775510168e+00
1.989795918367346816e+00
1.913265306122448939e+00
1.887755102040816313e+00
1.913265306122448939e+00
1.989795918367347038e+00
2.117346938775510168e+00
2.295918367346938993e+00
2.525510204081632626e+00
2.806122448979592399e+00
3.137755102040816091e+00
2.806122448979591510e+00
2.474489795918366930e+00
2.193877551020408045e+00
1.964285714285714191e+00
1.785714285714285587e+00
1.658163265306122236e+00
1.581632653061224358e+00
1.556122448979591733e+00
1.581632653061224358e+00
1.658163265306122458e+00
1.785714285714285809e+00
1.964285714285714413e+00
2.193877551020408045e+00
2.474489795918367818e+00
2.806122448979591510e+00
2.525510204081632626e+00
2.193877551020408045e+00
1.913265306122448939e+00
1.683673469387755084e+00
1.505102040816326481e+00
1.377551020408163129e+00
1.301020408163265252e+00
1.275510204081632626e+00
1.301020408163265252e+00
1.377551020408163351e+00
1.505102040816326703e+00
1.683673469387755306e+00
1.913265306122448939e+00
2.193877551020408490e+00
2.525510204081632626e+00
2.295918367346938993e+00
1.964285714285714191e+00
1.683673469387755084e+00
1.454081632653061229e+00
1.275510204081632626e+00
1.147959183673469497e+00
1.071428571428571397e+00
1.045918367346938771e+00
1.071428571428571397e+00
1.147959183673469497e+00
1.275510204081632626e+00
1.454081632653061451e+00
1.683673469387755084e+00
1.964285714285714635e+00
2.295918367346938993e+00
2.117346938775510168e+00
1.785714285714285587e+00
1.505102040816326481e+00
1.275510204081632626e+00
1.096938775510204023e+00
9.693877551020407823e-01
8.928571428571427937e-01
8.673469387755101678e-01
8.928571428571427937e-01
9.693877551020408934e-01
1.096938775510204245e+00
1.275510204081632848e+00
1.505102040816326481e+00
1.785714285714286031e+00
2.117346938775510168e+00
1.989795918367346816e+00
1.658163265306122236e+00
1.377551020408163129e+00
1.147959183673469497e+00
9.693877551020407823e-01
8.418367346938775420e-01
7.653061224489795533e-01
7.397959183673469274e-01
7.653061224489795533e-01
8.418367346938775420e-01
9.693877551020408934e-01
1.147959183673469497e+00
1.377551020408163129e+00
1.658163265306122680e+00
1.989795918367346816e+00
1.913265306122448939e+00
1.581632653061224358e+00
1.301020408163265252e+00
1.071428571428571397e+00
8.928571428571427937e-01
7.653061224489795533e-01
6.887755102040816757e-01
6.632653061224489388e-01
6.887755102040816757e-01
7.653061224489796643e-01
8.928571428571430157e-01
1.071428571428571619e+00
1.301020408163265252e+00
1.581632653061224802e+00
1.913265306122448939e+00
1.887755102040816313e+00
1.556122448979591733e+00
1.275510204081632626e+00
1.045918367346938771e+00
8.673469387755101678e-01
7.397959183673469274e-01
6.632653061224489388e-01
6.377551020408163129e-01
6.632653061224489388e-01
7.397959183673470385e-01
8.673469387755102789e-01
1.045918367346938993e+00
1.275510204081632626e+00
1.556122448979592177e+00
1.887755102040816313e+00
1.913265306122448939e+00
1.581632653061224358e+00
1.301020408163265252e+00
1.071428571428571397e+00
8.928571428571427937e-01
7.653061224489795533e-01
6.887755102040816757e-01
6.632653061224489388e-01
6.887755102040816757e-01
7.653061224489796643e-01
8.928571428571430157e-01
1.071428571428571619e+00
1.301020408163265252e+00
1.581632653061224802e+00
1.913265306122448939e+00
1.989795918367347038e+00
1.658163265306122458e+00
1.377551020408163351e+00
1.147959183673469497e+00
9.693877551020408934e-01
8.418367346938775420e-01
7.653061224489796643e-01
7.397959183673470385e-01
7.653061224489796643e-01
8.418367346938776530e-01
9.693877551020408934e-01
1.147959183673469719e+00
1.377551020408163351e+00
1.658163265306122902e+00
1.989795918367347038e+00
2.117346938775510168e+00
1.785714285714285809e+00
1.505102040816326703e+00
1.275510204081632626e+00
1.096938775510204245e+00
9.693877551020408934e-01
8.928571428571430157e-01
8.673469387755102789e-01
8.928571428571430157e-01
9.693877551020408934e-01
1.096938775510204245e+00
1.275510204081633070e+00
1.505102040816326703e+00
1.785714285714286254e+00
2.117346938775510168e+00
2.295918367346938993e+00
1.964285714285714413e+00
1.683673469387755306e+00
1.454081632653061451e+00
1.275510204081632848e+00
1.147959183673469497e+00
1.071428571428571619e+00
1.045918367346938993e+00
1.071428571428571619e+00
1.147959183673469719e+00
1.275510204081633070e+00
1.454081632653061673e+00
1.683673469387755306e+00
1.964285714285714857e+00
2.295918367346938993e+00
2.525510204081632626e+00
2.193877551020408045e+00
1.913265306122448939e+00
1.683673469387755084e+00
1.505102040816326481e+00
1.377551020408163129e+00
1.301020408163265252e+00
1.275510204081632626e+00
1.301020408163265252e+00
1.377551020408163351e+00
1.505102040816326703e+00
1.683673469387755306e+00
1.913265306122448939e+00
2.193877551020408490e+00
2.525510204081632626e+00
2.806122448979592399e+00
2.474489795918367818e+00
2.193877551020408490e+00
1.964285714285714635e+00
1.785714285714286031e+00
1.658163265306122680e+00
1.581632653061224802e+00
1.556122448979592177e+00
1.581632653061224802e+00
1.658163265306122902e+00
1.785714285714286254e+00
1.964285714285714857e+00
2.193877551020408490e+00
2.474489795918367818e+00
2.806122448979592399e+00
3.137755102040816091e+00
2.806122448979591510e+00
2.525510204081632626e+00
2.295918367346938993e+00
2.117346938775510168e+00
1.989795918367346816e+00
1.913265306122448939e+00
1.887755102040816313e+00
1.913265306122448939e+00
1.989795918367347038e+00
2.117346938775510168e+00
2.295918367346938993e+00
2.525510204081632626e+00
2.806122448979592399e+00
3.137755102040816091e+00
2.908163265306122458e+00
2.576530612244897878e+00
2.295918367346938993e+00
2.066326530612244916e+00
1.887755102040816313e+00
1.760204081632652962e+00
1.683673469387755084e+00
1.658163265306122458e+00
1.683673469387755084e+00
1.760204081632653184e+00
1.887755102040816535e+00
2.066326530612244916e+00
2.295918367346938993e+00
2.576530612244898322e+00
2.908163265306122458e+00
2.576530612244897878e+00
2.244897959183673297e+00
1.964285714285714191e+00
1.734693877551020336e+00
1.556122448979591733e+00
1.428571428571428381e+00
1.352040816326530503e+00
1.326530612244897878e+00
1.352040816326530503e+00
1.428571428571428603e+00
1.556122448979591955e+00
1.734693877551020558e+00
1.964285714285714191e+00
2.244897959183673741e+00
2.576530612244897878e+00
2.295918367346938993e+00
1.964285714285714191e+00
1.683673469387755084e+00
1.454081632653061229e+00
1.275510204081632626e+00
1.147959183673469497e+00
1.071428571428571397e+00
1.045918367346938771e+00
1.071428571428571397e+00
1.147959183673469497e+00
1.275510204081632626e+00
1.454081632653061451e+00
1.683673469387755084e+00
1.964285714285714635e+00
2.295918367346938993e+00
2.066326530612244916e+00
1.734693877551020336e+00
1.454081632653061229e+00
1.224489795918367374e+00
1.045918367346938771e+00
9.183673469387755306e-01
8.418367346938775420e-01
8.163265306122449161e-01
8.418367346938775420e-01
9.183673469387756416e-01
1.045918367346938993e+00
1.224489795918367596e+00
1.454081632653061229e+00
1.734693877551020780e+00
2.066326530612244916e+00
1.887755102040816313e+00
1.556122448979591733e+00
1.275510204081632626e+00
1.045918367346938771e+00
8.673469387755101678e-01
7.397959183673469274e-01
6.632653061224489388e-01
6.377551020408163129e-01
6.632653061224489388e-01
7.397959183673470385e-01
8.673469387755102789e-01
1.045918367346938993e+00
1.275510204081632626e+00
1.556122448979592177e+00
1.887755102040816313e+00
1.760204081632652962e+00
1.428571428571428381e+00
1.147959183673469497e+00
9.183673469387755306e-01
7.397959183673469274e-01
6.122448979591836871e-01
5.357142857142856984e-01
5.102040816326530726e-01
5.357142857142856984e-01
6.122448979591836871e-01
7.397959183673470385e-01
9.183673469387757526e-01
1.147959183673469497e+00
1.428571428571428825e+00
1.760204081632652962e+00
1.683673469387755084e+00
1.352040816326530503e+00
1.071428571428571397e+00
8.418367346938775420e-01
6.632653061224489388e-01
5.357142857142856984e-01
4.591836734693878208e-01
4.336734693877551394e-01
4.591836734693878208e-01
5.357142857142858094e-01
6.632653061224491609e-01
8.418367346938777640e-01
1.071428571428571397e+00
1.352040816326530948e+00
1.683673469387755084e+00
1.658163265306122458e+00
1.326530612244897878e+00
1.045918367346938771e+00
8.163265306122449161e-01
6.377551020408163129e-01
5.102040816326530726e-01
4.336734693877551394e-01
4.081632653061224580e-01
4.336734693877551394e-01
5.102040816326531836e-01
6.377551020408164240e-01
8.163265306122451381e-01
1.045918367346938771e+00
1.326530612244898322e+00
1.658163265306122458e+00
1.683673469387755084e+00
1.352040816326530503e+00
1.071428571428571397e+00
8.418367346938775420e-01
6.632653061224489388e-01
5.357142857142856984e-01
4.591836734693878208e-01
4.336734693877551394e-01
4.591836734693878208e-01
5.357142857142858094e-01
6.632653061224491609e-01
8.418367346938777640e-01
1.071428571428571397e+00
1.352040816326530948e+00
1.683673469387755084e+00
1.760204081632653184e+00
1.428571428571428603e+00
1.147959183673469497e+00
9.183673469387756416e-01
7.397959183673470385e-01
6.122448979591836871e-01
5.357142857142858094e-01
5.102040816326531836e-01
5.357142857142858094e-01
6.122448979591837981e-01
7.397959183673470385e-01
9.183673469387758637e-01
1.147959183673469497e+00
1.428571428571429047e+00
1.760204081632653184e+00
1.887755102040816535e+00
1.556122448979591955e+00
1.275510204081632626e+00
1.045918367346938993e+00
8.673469387755102789e-01
7.397959183673470385e-01
6.632653061224491609e-01
6.377551020408164240e-01
6.632653061224491609e-01
7.397959183673470385e-01
8.673469387755103899e-01
1.045918367346938993e+00
1.275510204081632626e+00
1.556122448979592399e+00
1.887755102040816535e+00
2.066326530612244916e+00
1.734693877551020558e+00
1.454081632653061451e+00
1.224489795918367596e+00
1.045918367346938993e+00
9.183673469387757526e-01
8.418367346938777640e-01
8.163265306122451381e-01
8.418367346938777640e-01
9.183673469387758637e-01
1.045918367346938993e+00
1.224489795918367818e+00
1.454081632653061451e+00
1.734693877551021002e+00
2.066326530612244916e+00
2.295918367346938993e+00
1.964285714285714191e+00
1.683673469387755084e+00
1.454081632653061229e+00
1.275510204081632626e+00
1.147959183673469497e+00
1.071428571428571397e+00
1.045918367346938771e+00
1.071428571428571397e+00
1.147959183673469497e+00
1.275510204081632626e+00
1.454081632653061451e+00
1.683673469387755084e+00
1.964285714285714635e+00
2.295918367346938993e+00
2.576530612244898322e+00
2.244897959183673741e+00
1.964285714285714635e+00
1.734693877551020780e+00
1.556122448979592177e+00
1.428571428571428825e+00
1.352040816326530948e+00
1.326530612244898322e+00
1.352040816326530948e+00
1.428571428571429047e+00
1.556122448979592399e+00
1.734693877551021002e+00
1.964285714285714635e+00
2.244897959183674185e+00
2.576530612244898322e+00
2.908163265306122458e+00
2.576530612244897878e+00
2.295918367346938993e+00
2.066326530612244916e+00
1.887755102040816313e+00
1.760204081632652962e+00
1.683673469387755084e+00
1.658163265306122458e+00
1.683673469387755084e+00
1.760204081632653184e+00
1.887755102040816535e+00
2.066326530612244916e+00
2.295918367346938993e+00
2.576530612244898322e+00
2.908163265306122458e+00
2.729591836734694077e+00
2.397959183673469497e+00
2.117346938775510168e+00
1.887755102040816313e+00
1.709183673469387710e+00
1.581632653061224358e+00
1.505102040816326481e+00
1.479591836734693855e+00
1.505102040816326481e+00
1.581632653061224580e+00
1.709183673469387932e+00
1.887755102040816535e+00
2.117346938775510168e+00
2.397959183673469497e+00
2.729591836734694077e+00
2.397959183673469497e+00
2.066326530612244916e+00
1.785714285714285587e+00
1.556122448979591733e+00
1.377551020408163129e+00
1.249999999999999778e+00
1.173469387755101900e+00
1.147959183673469274e+00
1.173469387755101900e+00
1.250000000000000000e+00
1.377551020408163351e+00
1.556122448979591955e+00
1.785714285714285587e+00
2.066326530612244916e+00
2.397959183673469497e+00
2.117346938775510168e+00
1.785714285714285587e+00
1.505102040816326481e+00
1.275510204081632626e+00
1.096938775510204023e+00
9.693877551020407823e-01
8.928571428571427937e-01
8.673469387755101678e-01
8.928571428571427937e-01
9.693877551020408934e-01
1.096938775510204245e+00
1.275510204081632848e+00
1.505102040816326481e+00
1.785714285714286031e+00
2.117346938775510168e+00
1.887755102040816313e+00
1.556122448979591733e+00
1.275510204081632626e+00
1.045918367346938771e+00
8.673469387755101678e-01
7.397959183673469274e-01
6.632653061224489388e-01
6.377551020408163129e-01
6.632653061224489388e-01
7.397959183673470385e-01
8.673469387755102789e-01
1.045918367346938993e+00
1.275510204081632626e+00
1.556122448979592177e+00
1.887755102040816313e+00
1.709183673469387710e+00
1.377551020408163129e+00
1.096938775510204023e+00
8.673469387755101678e-01
6.887755102040815647e-01
5.612244897959183243e-01
4.846938775510203912e-01
4.591836734693877098e-01
4.846938775510203912e-01
5.612244897959184353e-01
6.887755102040816757e-01
8.673469387755103899e-01
1.096938775510204023e+00
1.377551020408163573e+00
1.709183673469387710e+00
1.581632653061224358e+00
1.249999999999999778e+00
9.693877551020407823e-01
7.397959183673469274e-01
5.612244897959183243e-01
4.336734693877550839e-01
3.571428571428570953e-01
3.316326530612244694e-01
3.571428571428570953e-01
4.336734693877551394e-01
5.612244897959184353e-01
7.397959183673471495e-01
9.693877551020407823e-01
1.250000000000000222e+00
1.581632653061224358e+00
1.505102040816326481e+00
1.173469387755101900e+00
8.928571428571427937e-01
6.632653061224489388e-01
4.846938775510203912e-01
3.571428571428570953e-01
2.806122448979592177e-01
2.551020408163265363e-01
2.806122448979592177e-01
3.571428571428572063e-01
4.846938775510205022e-01
6.632653061224491609e-01
8.928571428571427937e-01
1.173469387755102344e+00
1.505102040816326481e+00
1.479591836734693855e+00
1.147959183673469274e+00
8.673469387755101678e-01
6.377551020408163129e-01
4.591836734693877098e-01
3.316326530612244694e-01
2.551020408163265363e-01
2.295918367346938549e-01
2.551020408163265363e-01
3.316326530612245249e-01
4.591836734693878208e-01
6.377551020408165350e-01
8.673469387755101678e-01
1.147959183673469719e+00
1.479591836734693855e+00
1.505102040816326481e+00
1.173469387755101900e+00
8.928571428571427937e-01
6.632653061224489388e-01
4.846938775510203912e-01
3.571428571428570953e-01
2.806122448979592177e-01
2.551020408163265363e-01
2.806122448979592177e-01
3.571428571428572063e-01
4.846938775510205022e-01
6.632653061224491609e-01
8.928571428571427937e-01
1.173469387755102344e+00
1.505102040816326481e+00
1.581632653061224580e+00
1.250000000000000000e+00
9.693877551020408934e-01
7.397959183673470385e-01
5.612244897959184353e-01
4.336734693877551394e-01
3.571428571428572063e-01
3.316326530612245249e-01
3.571428571428572063e-01
4.336734693877551949e-01
5.612244897959184353e-01
7.397959183673472605e-01
9.693877551020408934e-01
1.250000000000000444e+00
1.581632653061224580e+00
1.709183673469387932e+00
1.377551020408163351e+00
1.096938775510204245e+00
8.673469387755102789e-01
6.887755102040816757e-01
5.612244897959184353e-01
4.846938775510205022e-01
4.591836734693878208e-01
4.846938775510205022e-01
5.612244897959184353e-01
6.887755102040817867e-01
8.673469387755105009e-01
1.096938775510204245e+00
1.377551020408163795e+00
1.709183673469387932e+00
1.887755102040816535e+00
1.556122448979591955e+00
1.275510204081632848e+00
1.045918367346938993e+00
8.673469387755103899e-01
7.397959183673471495e-01
6.632653061224491609e-01
6.377551020408165350e-01
6.632653061224491609e-01
7.397959183673472605e-01
8.673469387755105009e-01
1.045918367346939215e+00
1.275510204081632848e+00
1.556122448979592399e+00
1.887755102040816535e+00
2.117346938775510168e+00
1.785714285714285587e+00
1.505102040816326481e+00
1.275510204081632626e+00
1.096938775510204023e+00
9.693877551020407823e-01
8.928571428571427937e-01
8.673469387755101678e-01
8.928571428571427937e-01
9.693877551020408934e-01
1.096938775510204245e+00
1.275510204081632848e+00
1.505102040816326481e+00
1.785714285714286031e+00
2.117346938775510168e+00
2.397959183673469497e+00
2.066326530612244916e+00
1.785714285714286031e+00
1.556122448979592177e+00
1.377551020408163573e+00
1.250000000000000222e+00
1.173469387755102344e+00
1.147959183673469719e+00
1.173469387755102344e+00
1.250000000000000444e+00
1.377551020408163795e+00
1.556122448979592399e+00
1.785714285714286031e+00
2.066326530612245804e+00
2.397959183673469497e+00
2.729591836734694077e+00
2.397959183673469497e+00
2.117346938775510168e+00
1.887755102040816313e+00
1.709183673469387710e+00
1.581632653061224358e+00
1.505102040816326481e+00
1.479591836734693855e+00
1.505102040816326481e+00
1.581632653061224580e+00
1.709183673469387932e+00
1.887755102040816535e+00
2.117346938775510168e+00
2.397959183673469497e+00
2.729591836734694077e+00
2.602040816326530503e+00
2.270408163265305923e+00
1.989795918367346816e+00
1.760204081632652962e+00
1.581632653061224358e+00
1.454081632653061007e+00
1.377551020408163129e+00
1.352040816326530503e+00
1.377551020408163129e+00
1.454081632653061229e+00
1.581632653061224580e+00
1.760204081632653184e+00
1.989795918367346816e+00
2.270408163265306367e+00
2.602040816326530503e+00
2.270408163265305923e+00
1.938775510204081343e+00
1.658163265306122236e+00
1.428571428571428381e+00
1.249999999999999778e+00
1.122448979591836427e+00
1.045918367346938549e+00
1.020408163265305923e+00
1.045918367346938549e+00
1.122448979591836649e+00
1.250000000000000000e+00
1.428571428571428603e+00
1.658163265306122236e+00
1.938775510204081787e+00
2.270408163265305923e+00
1.989795918367346816e+00
1.658163265306122236e+00
1.377551020408163129e+00
1.147959183673469274e+00
9.693877551020407823e-01
8.418367346938775420e-01
7.653061224489795533e-01
7.397959183673469274e-01
7.653061224489795533e-01
8.418367346938776530e-01
9.693877551020408934e-01
1.147959183673469497e+00
1.377551020408163129e+00
1.658163265306122680e+00
1.989795918367346816e+00
1.760204081632652962e+00
1.428571428571428381e+00
1.147959183673469274e+00
9.183673469387755306e-01
7.397959183673469274e-01
6.122448979591836871e-01
5.357142857142856984e-01
5.102040816326530726e-01
5.357142857142856984e-01
6.122448979591837981e-01
7.397959183673470385e-01
9.183673469387757526e-01
1.147959183673469274e+00
1.428571428571428825e+00
1.760204081632652962e+00
1.581632653061224358e+00
1.249999999999999778e+00
9.693877551020407823e-01
7.397959183673469274e-01
5.612244897959183243e-01
4.336734693877550839e-01
3.571428571428571508e-01
3.316326530612244694e-01
3.571428571428571508e-01
4.336734693877551394e-01
5.612244897959184353e-01
7.397959183673471495e-01
9.693877551020407823e-01
1.250000000000000222e+00
1.581632653061224358e+00
1.454081632653061007e+00
1.122448979591836427e+00
8.418367346938775420e-01
6.122448979591836871e-01
4.336734693877550839e-01
3.061224489795917880e-01
2.295918367346938549e-01
2.040816326530612013e-01
2.295918367346938549e-01
3.061224489795918990e-01
4.336734693877551949e-01
6.122448979591839091e-01
8.418367346938775420e-01
1.122448979591836871e+00
1.454081632653061007e+00
1.377551020408163129e+00
1.045918367346938549e+00
7.653061224489795533e-01
5.357142857142856984e-01
3.571428571428571508e-01
2.295918367346938549e-01
1.530612244897959218e-01
1.275510204081632681e-01
1.530612244897959218e-01
2.295918367346939659e-01
3.571428571428572618e-01
5.357142857142859205e-01
7.653061224489795533e-01
1.045918367346938993e+00
1.377551020408163129e+00
1.352040816326530503e+00
1.020408163265305923e+00
7.397959183673469274e-01
5.102040816326530726e-01
3.316326530612244694e-01
2.040816326530612013e-01
1.275510204081632681e-01
1.020408163265306006e-01
1.275510204081632681e-01
2.040816326530612845e-01
3.316326530612245804e-01
5.102040816326532946e-01
7.397959183673469274e-01
1.020408163265306367e+00
1.352040816326530503e+00
1.377551020408163129e+00
1.045918367346938549e+00
7.653061224489795533e-01
5.357142857142856984e-01
3.571428571428571508e-01
2.295918367346938549e-01
1.530612244897959218e-01
1.275510204081632681e-01
1.530612244897959218e-01
2.295918367346939659e-01
3.571428571428572618e-01
5.357142857142859205e-01
7.653061224489795533e-01
1.045918367346938993e+00
1.377551020408163129e+00
1.454081632653061229e+00
1.122448979591836649e+00
8.418367346938776530e-01
6.122448979591837981e-01
4.336734693877551394e-01
3.061224489795918990e-01
2.295918367346939659e-01
2.040816326530612845e-01
2.295918367346939659e-01
3.061224489795919546e-01
4.336734693877552504e-01
6.122448979591840201e-01
8.418367346938776530e-01
1.122448979591837093e+00
1.454081632653061229e+00
1.581632653061224580e+00
1.250000000000000000e+00
9.693877551020408934e-01
7.397959183673470385e-01
5.612244897959184353e-01
4.336734693877551949e-01
3.571428571428572618e-01
3.316326530612245804e-01
3.571428571428572618e-01
4.336734693877552504e-01
5.612244897959185463e-01
7.397959183673472605e-01
9.693877551020408934e-01
1.250000000000000444e+00
1.581632653061224580e+00
1.760204081632653184e+00
1.428571428571428603e+00
1.147959183673469497e+00
9.183673469387757526e-01
7.397959183673471495e-01
6.122448979591839091e-01
5.357142857142859205e-01
5.102040816326532946e-01
5.357142857142859205e-01
6.122448979591840201e-01
7.397959183673472605e-01
9.183673469387759747e-01
1.147959183673469497e+00
1.428571428571429047e+00
1.760204081632653184e+00
1.989795918367346816e+00
1.658163265306122236e+00
1.377551020408163129e+00
1.147959183673469274e+00
9.693877551020407823e-01
8.418367346938775420e-01
7.653061224489795533e-01
7.397959183673469274e-01
7.653061224489795533e-01
8.418367346938776530e-01
9.693877551020408934e-01
1.147959183673469497e+00
1.377551020408163129e+00
1.658163265306122680e+00
1.989795918367346816e+00
2.270408163265306367e+00
1.938775510204081787e+00
1.658163265306122680e+00
1.428571428571428825e+00
1.250000000000000222e+00
1.122448979591836871e+00
1.045918367346938993e+00
1.020408163265306367e+00
1.045918367346938993e+00
1.122448979591837093e+00
1.250000000000000444e+00
1.428571428571429047e+00
1.658163265306122680e+00
1.938775510204082231e+00
2.270408163265306367e+00
2.602040816326530503e+00
2.270408163265305923e+00
1.989795918367346816e+00
1.760204081632652962e+00
1.581632653061224358e+00
1.454081632653061007e+00
1.377551020408163129e+00
1.352040816326530503e+00
1.377551020408163129e+00
1.454081632653061229e+00
1.581632653061224580e+00
1.760204081632653184e+00
1.989795918367346816e+00
2.270408163265306367e+00
2.602040816326530503e+00
2.525510204081632626e+00
2.193877551020408045e+00
1.913265306122448939e+00
1.683673469387755084e+00
1.505102040816326481e+00
1.377551020408163129e+00
1.301020408163265252e+00
1.275510204081632626e+00
1.301020408163265252e+00
1.377551020408163351e+00
1.505102040816326703e+00
1.683673469387755306e+00
1.913265306122448939e+00
2.193877551020408490e+00
2.525510204081632626e+00
2.193877551020408045e+00
1.862244897959183465e+00
1.581632653061224358e+00
1.352040816326530503e+00
1.173469387755101900e+00
1.045918367346938549e+00
9.693877551020406713e-01
9.438775510204080454e-01
9.693877551020406713e-01
1.045918367346938771e+00
1.173469387755102122e+00
1.352040816326530726e+00
1.581632653061224358e+00
1.862244897959183909e+00
2.193877551020408045e+00
1.913265306122448939e+00
1.581632653061224358e+00
1.301020408163265252e+00
1.071428571428571397e+00
8.928571428571427937e-01
7.653061224489795533e-01
6.887755102040815647e-01
6.632653061224489388e-01
6.887755102040815647e-01
7.653061224489796643e-01
8.928571428571429047e-01
1.071428571428571619e+00
1.301020408163265252e+00
1.581632653061224802e+00
1.913265306122448939e+00
1.683673469387755084e+00
1.352040816326530503e+00
1.071428571428571397e+00
8.418367346938775420e-01
6.632653061224489388e-01
5.357142857142856984e-01
4.591836734693878208e-01
4.336734693877551394e-01
4.591836734693878208e-01
5.357142857142858094e-01
6.632653061224490498e-01
8.418367346938777640e-01
1.071428571428571397e+00
1.352040816326530948e+00
1.683673469387755084e+00
1.505102040816326481e+00
1.173469387755101900e+00
8.928571428571427937e-01
6.632653061224489388e-01
4.846938775510203912e-01
3.571428571428571508e-01
2.806122448979592177e-01
2.551020408163265363e-01
2.806122448979592177e-01
3.571428571428572063e-01
4.846938775510205022e-01
6.632653061224491609e-01
8.928571428571427937e-01
1.173469387755102344e+00
1.505102040816326481e+00
1.377551020408163129e+00
1.045918367346938549e+00
7.653061224489795533e-01
5.357142857142856984e-01
3.571428571428571508e-01
2.295918367346938549e-01
1.530612244897959218e-01
1.275510204081632681e-01
1.530612244897959218e-01
2.295918367346939659e-01
3.571428571428572618e-01
5.357142857142859205e-01
7.653061224489795533e-01
1.045918367346938993e+00
1.377551020408163129e+00
1.301020408163265252e+00
9.693877551020406713e-01
6.887755102040815647e-01
4.591836734693878208e-01
2.806122448979592177e-01
1.530612244897959218e-01
7.653061224489800252e-02
5.102040816326533501e-02
7.653061224489800252e-02
1.530612244897960328e-01
2.806122448979593287e-01
4.591836734693880429e-01
6.887755102040815647e-01
9.693877551020411154e-01
1.301020408163265252e+00
1.275510204081632626e+00
9.438775510204080454e-01
6.632653061224489388e-01
4.336734693877551394e-01
2.551020408163265363e-01
1.275510204081632681e-01
5.102040816326533501e-02
2.551020408163266751e-02
5.102040816326533501e-02
1.275510204081633514e-01
2.551020408163266473e-01
4.336734693877553615e-01
6.632653061224489388e-01
9.438775510204084895e-01
1.275510204081632626e+00
1.301020408163265252e+00
9.693877551020406713e-01
6.887755102040815647e-01
4.591836734693878208e-01
2.806122448979592177e-01
1.530612244897959218e-01
7.653061224489800252e-02
5.102040816326533501e-02
7.653061224489800252e-02
1.530612244897960328e-01
2.806122448979593287e-01
4.591836734693880429e-01
6.887755102040815647e-01
9.693877551020411154e-01
1.301020408163265252e+00
1.377551020408163351e+00
1.045918367346938771e+00
7.653061224489796643e-01
5.357142857142858094e-01
3.571428571428572063e-01
2.295918367346939659e-01
1.530612244897960328e-01
1.275510204081633514e-01
1.530612244897960328e-01
2.295918367346940214e-01
3.571428571428573173e-01
5.357142857142860315e-01
7.653061224489796643e-01
1.045918367346939215e+00
1.377551020408163351e+00
1.505102040816326703e+00
1.173469387755102122e+00
8.928571428571429047e-01
6.632653061224490498e-01
4.846938775510205022e-01
3.571428571428572618e-01
2.806122448979593287e-01
2.551020408163266473e-01
2.806122448979593287e-01
3.571428571428573173e-01
4.846938775510206132e-01
6.632653061224492719e-01
8.928571428571429047e-01
1.173469387755102566e+00
1.505102040816326703e+00
1.683673469387755306e+00
1.352040816326530726e+00
1.071428571428571619e+00
8.418367346938777640e-01
6.632653061224491609e-01
5.357142857142859205e-01
4.591836734693880429e-01
4.336734693877553615e-01
4.591836734693880429e-01
5.357142857142860315e-01
6.632653061224492719e-01
8.418367346938779860e-01
1.071428571428571619e+00
1.352040816326531170e+00
1.683673469387755306e+00
1.913265306122448939e+00
1.581632653061224358e+00
1.301020408163265252e+00
1.071428571428571397e+00
8.928571428571427937e-01
7.653061224489795533e-01
6.887755102040815647e-01
6.632653061224489388e-01
6.887755102040815647e-01
7.653061224489796643e-01
8.928571428571429047e-01
1.071428571428571619e+00
1.301020408163265252e+00
1.581632653061224802e+00
1.913265306122448939e+00
2.193877551020408490e+00
1.862244897959183909e+00
1.581632653061224802e+00
1.352040816326530948e+00
1.173469387755102344e+00
1.045918367346938993e+00
9.693877551020411154e-01
9.438775510204084895e-01
9.693877551020411154e-01
1.045918367346939215e+00
1.173469387755102566e+00
1.352040816326531170e+00
1.581632653061224802e+00
1.862244897959184353e+00
2.193877551020408490e+00
2.525510204081632626e+00
2.193877551020408045e+00
1.913265306122448939e+00
1.683673469387755084e+00
1.505102040816326481e+00
1.377551020408163129e+00
1.301020408163265252e+00
1.275510204081632626e+00
1.301020408163265252e+00
1.377551020408163351e+00
1.505102040816326703e+00
1.683673469387755306e+00
1.913265306122448939e+00
2.193877551020408490e+00
2.525510204081632626e+00
2.500000000000000000e+00
2.168367346938775420e+00
1.887755102040816313e+00
1.658163265306122458e+00
1.479591836734693855e+00
1.352040816326530503e+00
1.275510204081632626e+00
1.250000000000000000e+00
1.275510204081632626e+00
1.352040816326530726e+00
1.479591836734694077e+00
1.658163265306122680e+00
1.887755102040816313e+00
2.168367346938775864e+00
2.500000000000000000e+00
2.168367346938775420e+00
1.836734693877550839e+00
1.556122448979591733e+00
1.326530612244897878e+00
1.147959183673469274e+00
1.020408163265305923e+00
9.438775510204080454e-01
9.183673469387754196e-01
9.438775510204080454e-01
1.020408163265306145e+00
1.147959183673469497e+00
1.326530612244898100e+00
1.556122448979591733e+00
1.836734693877551283e+00
2.168367346938775420e+00
1.887755102040816313e+00
1.556122448979591733e+00
1.275510204081632626e+00
1.045918367346938771e+00
8.673469387755101678e-01
7.397959183673469274e-01
6.632653061224489388e-01
6.377551020408163129e-01
6.632653061224489388e-01
7.397959183673470385e-01
8.673469387755102789e-01
1.045918367346938993e+00
1.275510204081632626e+00
1.556122448979592177e+00
1.887755102040816313e+00
1.658163265306122458e+00
1.326530612244897878e+00
1.045918367346938771e+00
8.163265306122449161e-01
6.377551020408163129e-01
5.102040816326530726e-01
4.336734693877551394e-01
4.081632653061224580e-01
4.336734693877551394e-01
5.102040816326531836e-01
6.377551020408164240e-01
8.163265306122451381e-01
1.045918367346938771e+00
1.326530612244898322e+00
1.658163265306122458e+00
1.479591836734693855e+00
1.147959183673469274e+00
8.673469387755101678e-01
6.377551020408163129e-01
4.591836734693877098e-01
3.316326530612244694e-01
2.551020408163265363e-01
2.295918367346938549e-01
2.551020408163265363e-01
3.316326530612245249e-01
4.591836734693878208e-01
6.377551020408165350e-01
8.673469387755101678e-01
1.147959183673469719e+00
1.479591836734693855e+00
1.352040816326530503e+00
1.020408163265305923e+00
7.397959183673469274e-01
5.102040816326530726e-01
3.316326530612244694e-01
2.040816326530612013e-01
1.275510204081632681e-01
1.020408163265306006e-01
1.275510204081632681e-01
2.040816326530612845e-01
3.316326530612245804e-01
5.102040816326532946e-01
7.397959183673469274e-01
1.020408163265306367e+00
1.352040816326530503e+00
1.275510204081632626e+00
9.438775510204080454e-01
6.632653061224489388e-01
4.336734693877551394e-01
2.551020408163265363e-01
1.275510204081632681e-01
5.102040816326533501e-02
2.551020408163266751e-02
5.102040816326533501e-02
1.275510204081633514e-01
2.551020408163266473e-01
4.336734693877553615e-01
6.632653061224489388e-01
9.438775510204084895e-01
1.275510204081632626e+00
1.250000000000000000e+00
9.183673469387754196e-01
6.377551020408163129e-01
4.081632653061224580e-01
2.295918367346938549e-01
1.020408163265306006e-01
2.551020408163266751e-02
0.000000000000000000e+00
2.551020408163266751e-02
1.020408163265306700e-01
2.295918367346939659e-01
4.081632653061226801e-01
6.377551020408163129e-01
9.183673469387758637e-01
1.250000000000000000e+00
1.275510204081632626e+00
9.438775510204080454e-01
6.632653061224489388e-01
4.336734693877551394e-01
2.551020408163265363e-01
1.275510204081632681e-01
5.102040816326533501e-02
2.551020408163266751e-02
5.102040816326533501e-02
1.275510204081633514e-01
2.551020408163266473e-01
4.336734693877553615e-01
6.632653061224489388e-01
9.438775510204084895e-01
1.275510204081632626e+00
1.352040816326530726e+00
1.020408163265306145e+00
7.397959183673470385e-01
5.102040816326531836e-01
3.316326530612245249e-01
2.040816326530612845e-01
1.275510204081633514e-01
1.020408163265306700e-01
1.275510204081633514e-01
2.040816326530613400e-01
3.316326530612246359e-01
5.102040816326534056e-01
7.397959183673470385e-01
1.020408163265306589e+00
1.352040816326530726e+00
1.479591836734694077e+00
1.147959183673469497e+00
8.673469387755102789e-01
6.377551020408164240e-01
4.591836734693878208e-01
3.316326530612245804e-01
2.551020408163266473e-01
2.295918367346939659e-01
2.551020408163266473e-01
3.316326530612246359e-01
4.591836734693879318e-01
6.377551020408166460e-01
8.673469387755102789e-01
1.147959183673469941e+00
1.479591836734694077e+00
1.658163265306122680e+00
1.326530612244898100e+00
1.045918367346938993e+00
8.163265306122451381e-01
6.377551020408165350e-01
5.102040816326532946e-01
4.336734693877553615e-01
4.081632653061226801e-01
4.336734693877553615e-01
5.102040816326534056e-01
6.377551020408166460e-01
8.163265306122453602e-01
1.045918367346938993e+00
1.326530612244898544e+00
1.658163265306122680e+00
1.887755102040816313e+00
1.556122448979591733e+00
1.275510204081632626e+00
1.045918367346938771e+00
8.673469387755101678e-01
7.397959183673469274e-01
6.632653061224489388e-01
6.377551020408163129e-01
6.632653061224489388e-01
7.397959183673470385e-01
8.673469387755102789e-01
1.045918367346938993e+00
1.275510204081632626e+00
1.556122448979592177e+00
1.887755102040816313e+00
2.168367346938775864e+00
1.836734693877551283e+00
1.556122448979592177e+00
1.326530612244898322e+00
1.147959183673469719e+00
1.020408163265306367e+00
9.438775510204084895e-01
9.183673469387758637e-01
9.438775510204084895e-01
1.020408163265306589e+00
1.147959183673469941e+00
1.326530612244898544e+00
1.556122448979592177e+00
1.836734693877551727e+00
2.168367346938775864e+00
2.500000000000000000e+00
2.168367346938775420e+00
1.887755102040816313e+00
1.658163265306122458e+00
1.479591836734693855e+00
1.352040816326530503e+00
1.275510204081632626e+00
1.250000000000000000e+00
1.275510204081632626e+00
1.352040816326530726e+00
1.479591836734694077e+00
1.658163265306122680e+00
1.887755102040816313e+00
2.168367346938775864e+00
2.500000000000000000e+00
2.525510204081632626e+00
2.193877551020408045e+00
1.913265306122448939e+00
1.683673469387755084e+00
1.505102040816326481e+00
1.377551020408163129e+00
1.301020408163265252e+00
1.275510204081632626e+00
1.301020408163265252e+00
1.377551020408163351e+00
1.505102040816326703e+00
1.683673469387755306e+00
1.913265306122448939e+00
2.193877551020408490e+00
2.525510204081632626e+00
2.193877551020408045e+00
1.862244897959183465e+00
1.581632653061224358e+00
1.352040816326530503e+00
1.173469387755101900e+00
1.045918367346938549e+00
9.693877551020406713e-01
9.438775510204080454e-01
9.693877551020406713e-01
1.045918367346938771e+00
1.173469387755102122e+00
1.352040816326530726e+00
1.581632653061224358e+00
1.862244897959183909e+00
2.193877551020408045e+00
1.913265306122448939e+00
1.581632653061224358e+00
1.301020408163265252e+00
1.071428571428571397e+00
8.928571428571427937e-01
7.653061224489795533e-01
6.887755102040815647e-01
6.632653061224489388e-01
6.887755102040815647e-01
7.653061224489796643e-01
8.928571428571429047e-01
1.071428571428571619e+00
1.301020408163265252e+00
1.581632653061224802e+00
1.913265306122448939e+00
1.683673469387755084e+00
1.352040816326530503e+00
1.071428571428571397e+00
8.418367346938775420e-01
6.632653061224489388e-01
5.357142857142856984e-01
4.591836734693878208e-01
4.336734693877551394e-01
4.591836734693878208e-01
5.357142857142858094e-01
6.632653061224490498e-01
8.418367346938777640e-01
1.071428571428571397e+00
1.352040816326530948e+00
1.683673469387755084e+00
1.505102040816326481e+00
1.173469387755101900e+00
8.928571428571427937e-01
6.632653061224489388e-01
4.846938775510203912e-01
3.571428571428571508e-01
2.806122448979592177e-01
2.551020408163265363e-01
2.806122448979592177e-01
3.571428571428572063e-01
4.846938775510205022e-01
6.632653061224491609e-01
8.928571428571427937e-01
1.173469387755102344e+00
1.505102040816326481e+00
1.377551020408163129e+00
1.045918367346938549e+00
7.653061224489795533e-01
5.357142857142856984e-01
3.571428571428571508e-01
2.295918367346938549e-01
1.530612244897959218e-01
1.275510204081632681e-01
1.530612244897959218e-01
2.295918367346939659e-01
3.571428571428572618e-01
5.357142857142859205e-01
7.653061224489795533e-01
1.045918367346938993e+00
1.377551020408163129e+00
1.301020408163265252e+00
9.693877551020406713e-01
6.887755102040815647e-01
4.591836734693878208e-01
2.806122448979592177e-01
1.530612244897959218e-01
7.653061224489800252e-02
5.102040816326533501e-02
7.653061224489800252e-02
1.530612244897960328e-01
2.806122448979593287e-01
4.591836734693880429e-01
6.887755102040815647e-01
9.693877551020411154e-01
1.301020408163265252e+00
1.275510204081632626e+00
9.438775510204080454e-01
6.632653061224489388e-01
4.336734693877551394e-01
2.551020408163265363e-01
1.275510204081632681e-01
5.102040816326533501e-02
2.551020408163266751e-02
5.102040816326533501e-02
1.275510204081633514e-01
2.551020408163266473e-01
4.336734693877553615e-01
6.632653061224489388e-01
9.438775510204084895e-01
1.275510204081632626e+00
1.301020408163265252e+00
9.693877551020406713e-01
6.887755102040815647e-01
4.591836734693878208e-01
2.806122448979592177e-01
1.530612244897959218e-01
7.653061224489800252e-02
5.102040816326533501e-02
7.653061224489800252e-02
1.530612244897960328e-01
2.806122448979593287e-01
4.591836734693880429e-01
6.887755102040815647e-01
9.693877551020411154e-01
1.301020408163265252e+00
1.377551020408163351e+00
1.045918367346938771e+00
7.653061224489796643e-01
5.357142857142858094e-01
3.571428571428572063e-01
2.295918367346939659e-01
1.530612244897960328e-01
1.275510204081633514e-01
1.530612244897960328e-01
2.295918367346940214e-01
3.571428571428573173e-01
5.357142857142860315e-01
7.653061224489796643e-01
1.045918367346939215e+00
1.377551020408163351e+00
1.505102040816326703e+00
1.173469387755102122e+00
8.928571428571429047e-01
6.632653061224490498e-01
4.846938775510205022e-01
3.571428571428572618e-01
2.806122448979593287e-01
2.551020408163266473e-01
2.806122448979593287e-01
3.571428571428573173e-01
4.846938775510206132e-01
6.632653061224492719e-01
8.928571428571429047e-01
1.173469387755102566e+00
1.505102040816326703e+00
1.683673469387755306e+00
1.352040816326530726e+00
1.071428571428571619e+00
8.418367346938777640e-01
6.632653061224491609e-01
5.357142857142859205e-01
4.591836734693880429e-01
4.336734693877553615e-01
4.591836734693880429e-01
5.357142857142860315e-01
6.632653061224492719e-01
8.418367346938779860e-01
1.071428571428571619e+00
1.352040816326531170e+00
1.683673469387755306e+00
1.913265306122448939e+00
1.581632653061224358e+00
1.301020408163265252e+00
1.071428571428571397e+00
8.928571428571427937e-01
7.653061224489795533e-01
6.887755102040815647e-01
6.632653061224489388e-01
6.887755102040815647e-01
7.653061224489796643e-01
8.928571428571429047e-01
1.071428571428571619e+00
1.301020408163265252e+00
1.581632653061224802e+00
1.913265306122448939e+00
2.193877551020408490e+00
1.862244897959183909e+00
1.581632653061224802e+00
1.352040816326530948e+00
1.173469387755102344e+00
1.045918367346938993e+00
9.693877551020411154e-01
9.438775510204084895e-01
9.693877551020411154e-01
1.045918367346939215e+00
1.173469387755102566e+00
1.352040816326531170e+00
1.581632653061224802e+00
1.862244897959184353e+00
2.193877551020408490e+00
2.525510204081632626e+00
2.193877551020408045e+00
1.913265306122448939e+00
1.683673469387755084e+00
1.505102040816326481e+00
1.377551020408163129e+00
1.301020408163265252e+00
1.275510204081632626e+00
1.301020408163265252e+00
1.377551020408163351e+00
1.505102040816326703e+00
1.683673469387755306e+00
1.913265306122448939e+00
2.193877551020408490e+00
2.525510204081632626e+00
2.602040816326530503e+00
2.270408163265305923e+00
1.989795918367347038e+00
1.760204081632653184e+00
1.581632653061224580e+00
1.454081632653061229e+00
1.377551020408163351e+00
1.352040816326530726e+00
1.377551020408163351e+00
1.454081632653061451e+00
1.581632653061224802e+00
1.760204081632653406e+00
1.989795918367347038e+00
2.270408163265306367e+00
2.602040816326530503e+00
2.270408163265305923e+00
1.938775510204081565e+00
1.658163265306122458e+00
1.428571428571428603e+00
1.250000000000000000e+00
1.122448979591836649e+00
1.045918367346938771e+00
1.020408163265306145e+00
1.045918367346938771e+00
1.122448979591836871e+00
1.250000000000000222e+00
1.428571428571428825e+00
1.658163265306122458e+00
1.938775510204082009e+00
2.270408163265305923e+00
1.989795918367347038e+00
1.658163265306122458e+00
1.377551020408163351e+00
1.147959183673469497e+00
9.693877551020408934e-01
8.418367346938775420e-01
7.653061224489796643e-01
7.397959183673470385e-01
7.653061224489796643e-01
8.418367346938777640e-01
9.693877551020408934e-01
1.147959183673469719e+00
1.377551020408163351e+00
1.658163265306122902e+00
1.989795918367347038e+00
1.760204081632653184e+00
1.428571428571428603e+00
1.147959183673469497e+00
9.183673469387756416e-01
7.397959183673470385e-01
6.122448979591836871e-01
5.357142857142858094e-01
5.102040816326531836e-01
5.357142857142858094e-01
6.122448979591839091e-01
7.397959183673470385e-01
9.183673469387758637e-01
1.147959183673469497e+00
1.428571428571429047e+00
1.760204081632653184e+00
1.581632653061224580e+00
1.250000000000000000e+00
9.693877551020408934e-01
7.397959183673470385e-01
5.612244897959184353e-01
4.336734693877551394e-01
3.571428571428572063e-01
3.316326530612245249e-01
3.571428571428572063e-01
4.336734693877551949e-01
5.612244897959184353e-01
7.397959183673472605e-01
9.693877551020408934e-01
1.250000000000000444e+00
1.581632653061224580e+00
1.454081632653061229e+00
1.122448979591836649e+00
8.418367346938775420e-01
6.122448979591836871e-01
4.336734693877551394e-01
3.061224489795918435e-01
2.295918367346939382e-01
2.040816326530612845e-01
2.295918367346939382e-01
3.061224489795919546e-01
4.336734693877552504e-01
6.122448979591839091e-01
8.418367346938775420e-01
1.122448979591837093e+00
1.454081632653061229e+00
1.377551020408163351e+00
1.045918367346938771e+00
7.653061224489796643e-01
5.357142857142858094e-01
3.571428571428572063e-01
2.295918367346939382e-01
1.530612244897960050e-01
1.275510204081633514e-01
1.530612244897960050e-01
2.295918367346940214e-01
3.571428571428573173e-01
5.357142857142860315e-01
7.653061224489796643e-01
1.045918367346939215e+00
1.377551020408163351e+00
1.352040816326530726e+00
1.020408163265306145e+00
7.397959183673470385e-01
5.102040816326531836e-01
3.316326530612245249e-01
2.040816326530612845e-01
1.275510204081633514e-01
1.020408163265306700e-01
1.275510204081633514e-01
2.040816326530613400e-01
3.316326530612246359e-01
5.102040816326534056e-01
7.397959183673470385e-01
1.020408163265306589e+00
1.352040816326530726e+00
1.377551020408163351e+00
1.045918367346938771e+00
7.653061224489796643e-01
5.357142857142858094e-01
3.571428571428572063e-01
2.295918367346939382e-01
1.530612244897960050e-01
1.275510204081633514e-01
1.530612244897960050e-01
2.295918367346940214e-01
3.571428571428573173e-01
5.357142857142860315e-01
7.653061224489796643e-01
1.045918367346939215e+00
1.377551020408163351e+00
1.454081632653061451e+00
1.122448979591836871e+00
8.418367346938777640e-01
6.122448979591839091e-01
4.336734693877551949e-01
3.061224489795919546e-01
2.295918367346940214e-01
2.040816326530613400e-01
2.295918367346940214e-01
3.061224489795920101e-01
4.336734693877553060e-01
6.122448979591841312e-01
8.418367346938777640e-01
1.122448979591837315e+00
1.454081632653061451e+00
1.581632653061224802e+00
1.250000000000000222e+00
9.693877551020408934e-01
7.397959183673470385e-01
5.612244897959184353e-01
4.336734693877552504e-01
3.571428571428573173e-01
3.316326530612246359e-01
3.571428571428573173e-01
4.336734693877553060e-01
5.612244897959186574e-01
7.397959183673472605e-01
9.693877551020408934e-01
1.250000000000000666e+00
1.581632653061224802e+00
1.760204081632653406e+00
1.428571428571428825e+00
1.147959183673469719e+00
9.183673469387758637e-01
7.397959183673472605e-01
6.122448979591839091e-01
5.357142857142860315e-01
5.102040816326534056e-01
5.357142857142860315e-01
6.122448979591841312e-01
7.397959183673472605e-01
9.183673469387760857e-01
1.147959183673469719e+00
1.428571428571429269e+00
1.760204081632653406e+00
1.989795918367347038e+00
1.658163265306122458e+00
1.377551020408163351e+00
1.147959183673469497e+00
9.693877551020408934e-01
8.418367346938775420e-01
7.653061224489796643e-01
7.397959183673470385e-01
7.653061224489796643e-01
8.418367346938777640e-01
9.693877551020408934e-01
1.147959183673469719e+00
1.377551020408163351e+00
1.658163265306122902e+00
1.989795918367347038e+00
2.270408163265306367e+00
1.938775510204082009e+00
1.658163265306122902e+00
1.428571428571429047e+00
1.250000000000000444e+00
1.122448979591837093e+00
1.045918367346939215e+00
1.020408163265306589e+00
1.045918367346939215e+00
1.122448979591837315e+00
1.250000000000000666e+00
1.428571428571429269e+00
1.658163265306122902e+00
1.938775510204082453e+00
2.270408163265306367e+00
2.602040816326530503e+00
2.270408163265305923e+00
1.989795918367347038e+00
1.760204081632653184e+00
1.581632653061224580e+00
1.454081632653061229e+00
1.377551020408163351e+00
1.352040816326530726e+00
1.377551020408163351e+00
1.454081632653061451e+00
1.581632653061224802e+00
1.760204081632653406e+00
1.989795918367347038e+00
2.270408163265306367e+00
2.602040816326530503e+00
2.729591836734694077e+00
2.397959183673469497e+00
2.117346938775510168e+00
1.887755102040816535e+00
1.709183673469387710e+00
1.581632653061224580e+00
1.505102040816326703e+00
1.479591836734694077e+00
1.505102040816326703e+00
1.581632653061224580e+00
1.709183673469388154e+00
1.887755102040816535e+00
2.117346938775510168e+00
2.397959183673469941e+00
2.729591836734694077e+00
2.397959183673469497e+00
2.066326530612244916e+00
1.785714285714285587e+00
1.556122448979591955e+00
1.377551020408163129e+00
1.250000000000000000e+00
1.173469387755102122e+00
1.147959183673469497e+00
1.173469387755102122e+00
1.250000000000000000e+00
1.377551020408163573e+00
1.556122448979591955e+00
1.785714285714285587e+00
2.066326530612245360e+00
2.397959183673469497e+00
2.117346938775510168e+00
1.785714285714285587e+00
1.505102040816326703e+00
1.275510204081632626e+00
1.096938775510204245e+00
9.693877551020408934e-01
8.928571428571429047e-01
8.673469387755102789e-01
8.928571428571429047e-01
9.693877551020410044e-01
1.096938775510204245e+00
1.275510204081633070e+00
1.505102040816326703e+00
1.785714285714286031e+00
2.117346938775510168e+00
1.887755102040816535e+00
1.556122448979591955e+00
1.275510204081632626e+00
1.045918367346938993e+00
8.673469387755102789e-01
7.397959183673470385e-01
6.632653061224491609e-01
6.377551020408164240e-01
6.632653061224491609e-01
7.397959183673471495e-01
8.673469387755103899e-01
1.045918367346938993e+00
1.275510204081632626e+00
1.556122448979592399e+00
1.887755102040816535e+00
1.709183673469387710e+00
1.377551020408163129e+00
1.096938775510204245e+00
8.673469387755102789e-01
6.887755102040816757e-01
5.612244897959184353e-01
4.846938775510205022e-01
4.591836734693878208e-01
4.846938775510205022e-01
5.612244897959184353e-01
6.887755102040817867e-01
8.673469387755105009e-01
1.096938775510204245e+00
1.377551020408163573e+00
1.709183673469387710e+00
1.581632653061224580e+00
1.250000000000000000e+00
9.693877551020408934e-01
7.397959183673470385e-01
5.612244897959184353e-01
4.336734693877551949e-01
3.571428571428572063e-01
3.316326530612245804e-01
3.571428571428572063e-01
4.336734693877552504e-01
5.612244897959185463e-01
7.397959183673472605e-01
9.693877551020408934e-01
1.250000000000000444e+00
1.581632653061224580e+00
1.505102040816326703e+00
1.173469387755102122e+00
8.928571428571429047e-01
6.632653061224491609e-01
4.846938775510205022e-01
3.571428571428572063e-01
2.806122448979593287e-01
2.551020408163266473e-01
2.806122448979593287e-01
3.571428571428573173e-01
4.846938775510206132e-01
6.632653061224493829e-01
8.928571428571429047e-01
1.173469387755102566e+00
1.505102040816326703e+00
1.479591836734694077e+00
1.147959183673469497e+00
8.673469387755102789e-01
6.377551020408164240e-01
4.591836734693878208e-01
3.316326530612245804e-01
2.551020408163266473e-01
2.295918367346939659e-01
2.551020408163266473e-01
3.316326530612246359e-01
4.591836734693879318e-01
6.377551020408166460e-01
8.673469387755102789e-01
1.147959183673469941e+00
1.479591836734694077e+00
1.505102040816326703e+00
1.173469387755102122e+00
8.928571428571429047e-01
6.632653061224491609e-01
4.846938775510205022e-01
3.571428571428572063e-01
2.806122448979593287e-01
2.551020408163266473e-01
2.806122448979593287e-01
3.571428571428573173e-01
4.846938775510206132e-01
6.632653061224493829e-01
8.928571428571429047e-01
1.173469387755102566e+00
1.505102040816326703e+00
1.581632653061224580e+00
1.250000000000000000e+00
9.693877551020410044e-01
7.397959183673471495e-01
5.612244897959184353e-01
4.336734693877552504e-01
3.571428571428573173e-01
3.316326530612246359e-01
3.571428571428573173e-01
4.336734693877553060e-01
5.612244897959186574e-01
7.397959183673473715e-01
9.693877551020410044e-01
1.250000000000000444e+00
1.581632653061224580e+00
1.709183673469388154e+00
1.377551020408163573e+00
1.096938775510204245e+00
8.673469387755103899e-01
6.887755102040817867e-01
5.612244897959185463e-01
4.846938775510206132e-01
4.591836734693879318e-01
4.846938775510206132e-01
5.612244897959186574e-01
6.887755102040818977e-01
8.673469387755106119e-01
1.096938775510204245e+00
1.377551020408164018e+00
1.709183673469388154e+00
1.887755102040816535e+00
1.556122448979591955e+00
1.275510204081633070e+00
1.045918367346938993e+00
8.673469387755105009e-01
7.397959183673472605e-01
6.632653061224493829e-01
6.377551020408166460e-01
6.632653061224493829e-01
7.397959183673473715e-01
8.673469387755106119e-01
1.045918367346939437e+00
1.275510204081633070e+00
1.556122448979592399e+00
1.887755102040816535e+00
2.117346938775510168e+00
1.785714285714285587e+00
1.505102040816326703e+00
1.275510204081632626e+00
1.096938775510204245e+00
9.693877551020408934e-01
8.928571428571429047e-01
8.673469387755102789e-01
8.928571428571429047e-01
9.693877551020410044e-01
1.096938775510204245e+00
1.275510204081633070e+00
1.505102040816326703e+00
1.785714285714286031e+00
2.117346938775510168e+00
2.397959183673469941e+00
2.066326530612245360e+00
1.785714285714286031e+00
1.556122448979592399e+00
1.377551020408163573e+00
1.250000000000000444e+00
1.173469387755102566e+00
1.147959183673469941e+00
1.173469387755102566e+00
1.250000000000000444e+00
1.377551020408164018e+00
1.556122448979592399e+00
1.785714285714286031e+00
2.066326530612245804e+00
2.397959183673469941e+00
2.729591836734694077e+00
2.397959183673469497e+00
2.117346938775510168e+00
1.887755102040816535e+00
1.709183673469387710e+00
1.581632653061224580e+00
1.505102040816326703e+00
1.479591836734694077e+00
1.505102040816326703e+00
1.581632653061224580e+00
1.709183673469388154e+00
1.887755102040816535e+00
2.117346938775510168e+00
2.397959183673469941e+00
2.729591836734694077e+00
2.908163265306122902e+00
2.576530612244898322e+00
2.295918367346938993e+00
2.066326530612244916e+00
1.887755102040816535e+00
1.760204081632653184e+00
1.683673469387755306e+00
1.658163265306122680e+00
1.683673469387755306e+00
1.760204081632653406e+00
1.887755102040816757e+00
2.066326530612245360e+00
2.295918367346938993e+00
2.576530612244898322e+00
2.908163265306122902e+00
2.576530612244898322e+00
2.244897959183673741e+00
1.964285714285714413e+00
1.734693877551020558e+00
1.556122448979591955e+00
1.428571428571428603e+00
1.352040816326530726e+00
1.326530612244898100e+00
1.352040816326530726e+00
1.428571428571428825e+00
1.556122448979592177e+00
1.734693877551020780e+00
1.964285714285714413e+00
2.244897959183673741e+00
2.576530612244898322e+00
2.295918367346938993e+00
1.964285714285714413e+00
1.683673469387755306e+00
1.454081632653061451e+00
1.275510204081632848e+00
1.147959183673469497e+00
1.071428571428571619e+00
1.045918367346938993e+00
1.071428571428571619e+00
1.147959183673469719e+00
1.275510204081633070e+00
1.454081632653061673e+00
1.683673469387755306e+00
1.964285714285714857e+00
2.295918367346938993e+00
2.066326530612244916e+00
1.734693877551020558e+00
1.454081632653061451e+00
1.224489795918367596e+00
1.045918367346938993e+00
9.183673469387757526e-01
8.418367346938777640e-01
8.163265306122451381e-01
8.418367346938777640e-01
9.183673469387758637e-01
1.045918367346938993e+00
1.224489795918367818e+00
1.454081632653061451e+00
1.734693877551021002e+00
2.066326530612244916e+00
1.887755102040816535e+00
1.556122448979591955e+00
1.275510204081632848e+00
1.045918367346938993e+00
8.673469387755103899e-01
7.397959183673471495e-01
6.632653061224491609e-01
6.377551020408165350e-01
6.632653061224491609e-01
7.397959183673472605e-01
8.673469387755105009e-01
1.045918367346939215e+00
1.275510204081632848e+00
1.556122448979592399e+00
1.887755102040816535e+00
1.760204081632653184e+00
1.428571428571428603e+00
1.147959183673469497e+00
9.183673469387757526e-01
7.397959183673471495e-01
6.122448979591839091e-01
5.357142857142859205e-01
5.102040816326532946e-01
5.357142857142859205e-01
6.122448979591839091e-01
7.397959183673472605e-01
9.183673469387759747e-01
1.147959183673469497e+00
1.428571428571429047e+00
1.760204081632653184e+00
1.683673469387755306e+00
1.352040816326530726e+00
1.071428571428571619e+00
8.418367346938777640e-01
6.632653061224491609e-01
5.357142857142859205e-01
4.591836734693880429e-01
4.336734693877553615e-01
4.591836734693880429e-01
5.357142857142860315e-01
6.632653061224493829e-01
8.418367346938779860e-01
1.071428571428571619e+00
1.352040816326531170e+00
1.683673469387755306e+00
1.658163265306122680e+00
1.326530612244898100e+00
1.045918367346938993e+00
8.163265306122451381e-01
6.377551020408165350e-01
5.102040816326532946e-01
4.336734693877553615e-01
4.081632653061226801e-01
4.336734693877553615e-01
5.102040816326534056e-01
6.377551020408166460e-01
8.163265306122453602e-01
1.045918367346938993e+00
1.326530612244898544e+00
1.658163265306122680e+00
1.683673469387755306e+00
1.352040816326530726e+00
1.071428571428571619e+00
8.418367346938777640e-01
6.632653061224491609e-01
5.357142857142859205e-01
4.591836734693880429e-01
4.336734693877553615e-01
4.591836734693880429e-01
5.357142857142860315e-01
6.632653061224493829e-01
8.418367346938779860e-01
1.071428571428571619e+00
1.352040816326531170e+00
1.683673469387755306e+00
1.760204081632653406e+00
1.428571428571428825e+00
1.147959183673469719e+00
9.183673469387758637e-01
7.397959183673472605e-01
6.122448979591839091e-01
5.357142857142860315e-01
5.102040816326534056e-01
5.357142857142860315e-01
6.122448979591840201e-01
7.397959183673472605e-01
9.183673469387760857e-01
1.147959183673469719e+00
1.428571428571429269e+00
1.760204081632653406e+00
1.887755102040816757e+00
1.556122448979592177e+00
1.275510204081633070e+00
1.045918367346938993e+00
8.673469387755105009e-01
7.397959183673472605e-01
6.632653061224493829e-01
6.377551020408166460e-01
6.632653061224493829e-01
7.397959183673472605e-01
8.673469387755106119e-01
1.045918367346939437e+00
1.275510204081633070e+00
1.556122448979592621e+00
1.887755102040816757e+00
2.066326530612245360e+00
1.734693877551020780e+00
1.454081632653061673e+00
1.224489795918367818e+00
1.045918367346939215e+00
9.183673469387759747e-01
8.418367346938779860e-01
8.163265306122453602e-01
8.418367346938779860e-01
9.183673469387760857e-01
1.045918367346939437e+00
1.224489795918368040e+00
1.454081632653061673e+00
1.734693877551021224e+00
2.066326530612245360e+00
2.295918367346938993e+00
1.964285714285714413e+00
1.683673469387755306e+00
1.454081632653061451e+00
1.275510204081632848e+00
1.147959183673469497e+00
1.071428571428571619e+00
1.045918367346938993e+00
1.071428571428571619e+00
1.147959183673469719e+00
1.275510204081633070e+00
1.454081632653061673e+00
1.683673469387755306e+00
1.964285714285714857e+00
2.295918367346938993e+00
2.576530612244898322e+00
2.244897959183673741e+00
1.964285714285714857e+00
1.734693877551021002e+00
1.556122448979592399e+00
1.428571428571429047e+00
1.352040816326531170e+00
1.326530612244898544e+00
1.352040816326531170e+00
1.428571428571429269e+00
1.556122448979592621e+00
1.734693877551021224e+00
1.964285714285714857e+00
2.244897959183674629e+00
2.576530612244898322e+00
2.908163265306122902e+00
2.576530612244898322e+00
2.295918367346938993e+00
2.066326530612244916e+00
1.887755102040816535e+00
1.760204081632653184e+00
1.683673469387755306e+00
1.658163265306122680e+00
1.683673469387755306e+00
1.760204081632653406e+00
1.887755102040816757e+00
2.066326530612245360e+00
2.295918367346938993e+00
2.576530612244898322e+00
2.908163265306122902e+00
3.137755102040816091e+00
2.806122448979591510e+00
2.525510204081632626e+00
2.295918367346938993e+00
2.117346938775510168e+00
1.989795918367346816e+00
1.913265306122448939e+00
1.887755102040816313e+00
1.913265306122448939e+00
1.989795918367347038e+00
2.117346938775510168e+00
2.295918367346938993e+00
2.525510204081632626e+00
2.806122448979592399e+00
3.137755102040816091e+00
2.806122448979591510e+00
2.474489795918366930e+00
2.193877551020408045e+00
1.964285714285714191e+00
1.785714285714285587e+00
1.658163265306122236e+00
1.581632653061224358e+00
1.556122448979591733e+00
1.581632653061224358e+00
1.658163265306122458e+00
1.785714285714285809e+00
1.964285714285714413e+00
2.193877551020408045e+00
2.474489795918367818e+00
2.806122448979591510e+00
2.525510204081632626e+00
2.193877551020408045e+00
1.913265306122448939e+00
1.683673469387755084e+00
1.505102040816326481e+00
1.377551020408163129e+00
1.301020408163265252e+00
1.275510204081632626e+00
1.301020408163265252e+00
1.377551020408163351e+00
1.505102040816326703e+00
1.683673469387755306e+00
1.913265306122448939e+00
2.193877551020408490e+00
2.525510204081632626e+00
2.295918367346938993e+00
1.964285714285714191e+00
1.683673469387755084e+00
1.454081632653061229e+00
1.275510204081632626e+00
1.147959183673469497e+00
1.071428571428571397e+00
1.045918367346938771e+00
1.071428571428571397e+00
1.147959183673469497e+00
1.275510204081632626e+00
1.454081632653061451e+00
1.683673469387755084e+00
1.964285714285714635e+00
2.295918367346938993e+00
2.117346938775510168e+00
1.785714285714285587e+00
1.505102040816326481e+00
1.275510204081632626e+00
1.096938775510204023e+00
9.693877551020407823e-01
8.928571428571427937e-01
8.673469387755101678e-01
8.928571428571427937e-01
9.693877551020408934e-01
1.096938775510204245e+00
1.275510204081632848e+00
1.505102040816326481e+00
1.785714285714286031e+00
2.117346938775510168e+00
1.989795918367346816e+00
1.658163265306122236e+00
1.377551020408163129e+00
1.147959183673469497e+00
9.693877551020407823e-01
8.418367346938775420e-01
7.653061224489795533e-01
7.397959183673469274e-01
7.653061224489795533e-01
8.418367346938775420e-01
9.693877551020408934e-01
1.147959183673469497e+00
1.377551020408163129e+00
1.658163265306122680e+00
1.989795918367346816e+00
1.913265306122448939e+00
1.581632653061224358e+00
1.301020408163265252e+00
1.071428571428571397e+00
8.928571428571427937e-01
7.653061224489795533e-01
6.887755102040816757e-01
6.632653061224489388e-01
6.887755102040816757e-01
7.653061224489796643e-01
8.928571428571430157e-01
1.071428571428571619e+00
1.301020408163265252e+00
1.581632653061224802e+00
1.913265306122448939e+00
1.887755102040816313e+00
1.556122448979591733e+00
1.275510204081632626e+00
1.045918367346938771e+00
8.673469387755101678e-01
7.397959183673469274e-01
6.632653061224489388e-01
6.377551020408163129e-01
6.632653061224489388e-01
7.397959183673470385e-01
8.673469387755102789e-01
1.045918367346938993e+00
1.275510204081632626e+00
1.556122448979592177e+00
1.887755102040816313e+00
1.913265306122448939e+00
1.581632653061224358e+00
1.301020408163265252e+00
1.071428571428571397e+00
8.928571428571427937e-01
7.653061224489795533e-01
6.887755102040816757e-01
6.632653061224489388e-01
6.887755102040816757e-01
7.653061224489796643e-01
8.928571428571430157e-01
1.071428571428571619e+00
1.301020408163265252e+00
1.581632653061224802e+00
1.913265306122448939e+00
1.989795918367347038e+00
1.658163265306122458e+00
1.377551020408163351e+00
1.147959183673469497e+00
9.693877551020408934e-01
8.418367346938775420e-01
7.653061224489796643e-01
7.397959183673470385e-01
7.653061224489796643e-01
8.418367346938776530e-01
9.693877551020408934e-01
1.147959183673469719e+00
1.377551020408163351e+00
1.658163265306122902e+00
1.989795918367347038e+00
2.117346938775510168e+00
1.785714285714285809e+00
1.505102040816326703e+00
1.275510204081632626e+00
1.096938775510204245e+00
9.693877551020408934e-01
8.928571428571430157e-01
8.673469387755102789e-01
8.928571428571430157e-01
9.693877551020408934e-01
1.096938775510204245e+00
1.275510204081633070e+00
1.505102040816326703e+00
1.785714285714286254e+00
2.117346938775510168e+00
2.295918367346938993e+00
1.964285714285714413e+00
1.683673469387755306e+00
1.454081632653061451e+00
1.275510204081632848e+00
1.147959183673469497e+00
1.071428571428571619e+00
1.045918367346938993e+00
1.071428571428571619e+00
1.147959183673469719e+00
1.275510204081633070e+00
1.454081632653061673e+00
1.683673469387755306e+00
1.964285714285714857e+00
2.295918367346938993e+00
2.525510204081632626e+00
2.193877551020408045e+00
1.913265306122448939e+00
1.683673469387755084e+00
1.505102040816326481e+00
1.377551020408163129e+00
1.301020408163265252e+00
1.275510204081632626e+00
1.301020408163265252e+00
1.377551020408163351e+00
1.505102040816326703e+00
1.683673469387755306e+00
1.913265306122448939e+00
2.193877551020408490e+00
2.525510204081632626e+00
2.806122448979592399e+00
2.474489795918367818e+00
2.193877551020408490e+00
1.964285714285714635e+00
1.785714285714286031e+00
1.658163265306122680e+00
1.581632653061224802e+00
1.556122448979592177e+00
1.581632653061224802e+00
1.658163265306122902e+00
1.785714285714286254e+00
1.964285714285714857e+00
2.193877551020408490e+00
2.474489795918367818e+00
2.806122448979592399e+00
3.137755102040816091e+00
2.806122448979591510e+00
2.525510204081632626e+00
2.295918367346938993e+00
2.117346938775510168e+00
1.989795918367346816e+00
1.913265306122448939e+00
1.887755102040816313e+00
1.913265306122448939e+00
1.989795918367347038e+00
2.117346938775510168e+00
2.295918367346938993e+00
2.525510204081632626e+00
2.806122448979592399e+00
3.137755102040816091e+00
3.418367346938775864e+00
3.086734693877551283e+00
2.806122448979592399e+00
2.576530612244898322e+00
2.397959183673469497e+00
2.270408163265306367e+00
2.193877551020408490e+00
2.168367346938775864e+00
2.193877551020408490e+00
2.270408163265306811e+00
2.397959183673469941e+00
2.576530612244898322e+00
2.806122448979592399e+00
3.086734693877551727e+00
3.418367346938775864e+00
3.086734693877551283e+00
2.755102040816326703e+00
2.474489795918367818e+00
2.244897959183673741e+00
2.066326530612244916e+00
1.938775510204081787e+00
1.862244897959183909e+00
1.836734693877551283e+00
1.862244897959183909e+00
1.938775510204082009e+00
2.066326530612245360e+00
2.244897959183673741e+00
2.474489795918367818e+00
2.755102040816327147e+00
3.086734693877551283e+00
2.806122448979592399e+00
2.474489795918367818e+00
2.193877551020408490e+00
1.964285714285714635e+00
1.785714285714286031e+00
1.658163265306122902e+00
1.581632653061224802e+00
1.556122448979592177e+00
1.581632653061224802e+00
1.658163265306122902e+00
1.785714285714286031e+00
1.964285714285714857e+00
2.193877551020408490e+00
2.474489795918367818e+00
2.806122448979592399e+00
2.576530612244898322e+00
2.244897959183673741e+00
1.964285714285714635e+00
1.734693877551020780e+00
1.556122448979592177e+00
1.428571428571428825e+00
1.352040816326530948e+00
1.326530612244898322e+00
1.352040816326530948e+00
1.428571428571429047e+00
1.556122448979592399e+00
1.734693877551021002e+00
1.964285714285714635e+00
2.244897959183674185e+00
2.576530612244898322e+00
2.397959183673469497e+00
2.066326530612244916e+00
1.785714285714286031e+00
1.556122448979592177e+00
1.377551020408163573e+00
1.250000000000000444e+00
1.173469387755102344e+00
1.147959183673469719e+00
1.173469387755102344e+00
1.250000000000000444e+00
1.377551020408163573e+00
1.556122448979592399e+00
1.785714285714286031e+00
2.066326530612245804e+00
2.397959183673469497e+00
2.270408163265306367e+00
1.938775510204081787e+00
1.658163265306122902e+00
1.428571428571428825e+00
1.250000000000000444e+00
1.122448979591837093e+00
1.045918367346939215e+00
1.020408163265306367e+00
1.045918367346939215e+00
1.122448979591837093e+00
1.250000000000000444e+00
1.428571428571429269e+00
1.658163265306122902e+00
1.938775510204082231e+00
2.270408163265306367e+00
2.193877551020408490e+00
1.862244897959183909e+00
1.581632653061224802e+00
1.352040816326530948e+00
1.173469387755102344e+00
1.045918367346939215e+00
9.693877551020412264e-01
9.438775510204084895e-01
9.693877551020412264e-01
1.045918367346939215e+00
1.173469387755102566e+00
1.352040816326531170e+00
1.581632653061224802e+00
1.862244897959184353e+00
2.193877551020408490e+00
2.168367346938775864e+00
1.836734693877551283e+00
1.556122448979592177e+00
1.326530612244898322e+00
1.147959183673469719e+00
1.020408163265306367e+00
9.438775510204084895e-01
9.183673469387758637e-01
9.438775510204084895e-01
1.020408163265306589e+00
1.147959183673469941e+00
1.326530612244898544e+00
1.556122448979592177e+00
1.836734693877551727e+00
2.168367346938775864e+00
2.193877551020408490e+00
1.862244897959183909e+00
1.581632653061224802e+00
1.352040816326530948e+00
1.173469387755102344e+00
1.045918367346939215e+00
9.693877551020412264e-01
9.438775510204084895e-01
9.693877551020412264e-01
1.045918367346939215e+00
1.173469387755102566e+00
1.352040816326531170e+00
1.581632653061224802e+00
1.862244897959184353e+00
2.193877551020408490e+00
2.270408163265306811e+00
1.938775510204082009e+00
1.658163265306122902e+00
1.428571428571429047e+00
1.250000000000000444e+00
1.122448979591837093e+00
1.045918367346939215e+00
1.020408163265306589e+00
1.045918367346939215e+00
1.122448979591837315e+00
1.250000000000000444e+00
1.428571428571429269e+00
1.658163265306122902e+00
1.938775510204082453e+00
2.270408163265306811e+00
2.397959183673469941e+00
2.066326530612245360e+00
1.785714285714286031e+00
1.556122448979592399e+00
1.377551020408163573e+00
1.250000000000000444e+00
1.173469387755102566e+00
1.147959183673469941e+00
1.173469387755102566e+00
1.250000000000000444e+00
1.377551020408163795e+00
1.556122448979592399e+00
1.785714285714286031e+00
2.066326530612245804e+00
2.397959183673469941e+00
2.576530612244898322e+00
2.244897959183673741e+00
1.964285714285714857e+00
1.734693877551021002e+00
1.556122448979592399e+00
1.428571428571429269e+00
1.352040816326531170e+00
1.326530612244898544e+00
1.352040816326531170e+00
1.428571428571429269e+00
1.556122448979592399e+00
1.734693877551021224e+00
1.964285714285714857e+00
2.244897959183674629e+00
2.576530612244898322e+00
2.806122448979592399e+00
2.474489795918367818e+00
2.193877551020408490e+00
1.964285714285714635e+00
1.785714285714286031e+00
1.658163265306122902e+00
1.581632653061224802e+00
1.556122448979592177e+00
1.581632653061224802e+00
1.658163265306122902e+00
1.785714285714286031e+00
1.964285714285714857e+00
2.193877551020408490e+00
2.474489795918367818e+00
2.806122448979592399e+00
3.086734693877551727e+00
2.755102040816327147e+00
2.474489795918367818e+00
2.244897959183674185e+00
2.066326530612245804e+00
1.938775510204082231e+00
1.862244897959184353e+00
1.836734693877551727e+00
1.862244897959184353e+00
1.938775510204082453e+00
2.066326530612245804e+00
2.244897959183674629e+00
2.474489795918367818e+00
2.755102040816327591e+00
3.086734693877551727e+00
3.418367346938775864e+00
3.086734693877551283e+00
2.806122448979592399e+00
2.576530612244898322e+00
2.397959183673469497e+00
2.270408163265306367e+00
2.193877551020408490e+00
2.168367346938775864e+00
2.193877551020408490e+00
2.270408163265306811e+00
2.397959183673469941e+00
2.576530612244898322e+00
2.806122448979592399e+00
3.086734693877551727e+00
3.418367346938775864e+00
3.750000000000000000e+00
3.418367346938775420e+00
3.137755102040816091e+00
2.908163265306122458e+00
2.729591836734694077e+00
2.602040816326530503e+00
2.525510204081632626e+00
2.500000000000000000e+00
2.525510204081632626e+00
2.602040816326530503e+00
2.729591836734694077e+00
2.908163265306122902e+00
3.137755102040816091e+00
3.418367346938775864e+00
3.750000000000000000e+00
3.418367346938775420e+00
3.086734693877550839e+00
2.806122448979591510e+00
2.576530612244897878e+00
2.397959183673469497e+00
2.270408163265305923e+00
2.193877551020408045e+00
2.168367346938775420e+00
2.193877551020408045e+00
2.270408163265305923e+00
2.397959183673469497e+00
2.576530612244898322e+00
2.806122448979591510e+00
3.086734693877551283e+00
3.418367346938775420e+00
3.137755102040816091e+00
2.806122448979591510e+00
2.525510204081632626e+00
2.295918367346938993e+00
2.117346938775510168e+00
1.989795918367347038e+00
1.913265306122448939e+00
1.887755102040816313e+00
1.913265306122448939e+00
1.989795918367347038e+00
2.117346938775510168e+00
2.295918367346938993e+00
2.525510204081632626e+00
2.806122448979592399e+00
3.137755102040816091e+00
2.908163265306122458e+00
2.576530612244897878e+00
2.295918367346938993e+00
2.066326530612244916e+00
1.887755102040816313e+00
1.760204081632652962e+00
1.683673469387755084e+00
1.658163265306122458e+00
1.683673469387755084e+00
1.760204081632653184e+00
1.887755102040816535e+00
2.066326530612244916e+00
2.295918367346938993e+00
2.576530612244898322e+00
2.908163265306122458e+00
2.729591836734694077e+00
2.397959183673469497e+00
2.117346938775510168e+00
1.887755102040816313e+00
1.709183673469387710e+00
1.581632653061224580e+00
1.505102040816326481e+00
1.479591836734693855e+00
1.505102040816326481e+00
1.581632653061224580e+00
1.709183673469387710e+00
1.887755102040816535e+00
2.117346938775510168e+00
2.397959183673469497e+00
2.729591836734694077e+00
2.602040816326530503e+00
2.270408163265305923e+00
1.989795918367347038e+00
1.760204081632652962e+00
1.581632653061224580e+00
1.454081632653061229e+00
1.377551020408163351e+00
1.352040816326530503e+00
1.377551020408163351e+00
1.454081632653061229e+00
1.581632653061224580e+00
1.760204081632653406e+00
1.989795918367347038e+00
2.270408163265306367e+00
2.602040816326530503e+00
2.525510204081632626e+00
2.193877551020408045e+00
1.913265306122448939e+00
1.683673469387755084e+00
1.505102040816326481e+00
1.377551020408163351e+00
1.301020408163265252e+00
1.275510204081632626e+00
1.301020408163265252e+00
1.377551020408163351e+00
1.505102040816326703e+00
1.683673469387755306e+00
1.913265306122448939e+00
2.193877551020408490e+00
2.525510204081632626e+00
2.500000000000000000e+00
2.168367346938775420e+00
1.887755102040816313e+00
1.658163265306122458e+00
1.479591836734693855e+00
1.352040816326530503e+00
1.275510204081632626e+00
1.250000000000000000e+00
1.275510204081632626e+00
1.352040816326530726e+00
1.479591836734694077e+00
1.658163265306122680e+00
1.887755102040816313e+00
2.168367346938775864e+00
2.500000000000000000e+00
2.525510204081632626e+00
2.193877551020408045e+00
1.913265306122448939e+00
1.683673469387755084e+00
1.505102040816326481e+00
1.377551020408163351e+00
1.301020408163265252e+00
1.275510204081632626e+00
1.301020408163265252e+00
1.377551020408163351e+00
1.505102040816326703e+00
1.683673469387755306e+00
1.913265306122448939e+00
2.193877551020408490e+00
2.525510204081632626e+00
2.602040816326530503e+00
2.270408163265305923e+00
1.989795918367347038e+00
1.760204081632653184e+00
1.581632653061224580e+00
1.454081632653061229e+00
1.377551020408163351e+00
1.352040816326530726e+00
1.377551020408163351e+00
1.454081632653061451e+00
1.581632653061224580e+00
1.760204081632653406e+00
1.989795918367347038e+00
2.270408163265306811e+00
2.602040816326530503e+00
2.729591836734694077e+00
2.397959183673469497e+00
2.117346938775510168e+00
1.887755102040816535e+00
1.709183673469387710e+00
1.581632653061224580e+00
1.505102040816326703e+00
1.479591836734694077e+00
1.505102040816326703e+00
1.581632653061224580e+00
1.709183673469387932e+00
1.887755102040816535e+00
2.117346938775510168e+00
2.397959183673469941e+00
2.729591836734694077e+00
2.908163265306122902e+00
2.576530612244898322e+00
2.295918367346938993e+00
2.066326530612244916e+00
1.887755102040816535e+00
1.760204081632653406e+00
1.683673469387755306e+00
1.658163265306122680e+00
1.683673469387755306e+00
1.760204081632653406e+00
1.887755102040816535e+00
2.066326530612245360e+00
2.295918367346938993e+00
2.576530612244898322e+00
2.908163265306122902e+00
3.137755102040816091e+00
2.806122448979591510e+00
2.525510204081632626e+00
2.295918367346938993e+00
2.117346938775510168e+00
1.989795918367347038e+00
1.913265306122448939e+00
1.887755102040816313e+00
1.913265306122448939e+00
1.989795918367347038e+00
2.117346938775510168e+00
2.295918367346938993e+00
2.525510204081632626e+00
2.806122448979592399e+00
3.137755102040816091e+00
3.418367346938775864e+00
3.086734693877551283e+00
2.806122448979592399e+00
2.576530612244898322e+00
2.397959183673469497e+00
2.270408163265306367e+00
2.193877551020408490e+00
2.168367346938775864e+00
2.193877551020408490e+00
2.270408163265306811e+00
2.397959183673469941e+00
2.576530612244898322e+00
2.806122448979592399e+00
3.086734693877551727e+00
3.418367346938775864e+00
3.750000000000000000e+00
3.418367346938775420e+00
3.137755102040816091e+00
2.908163265306122458e+00
2.729591836734694077e+00
2.602040816326530503e+00
2.525510204081632626e+00
2.500000000000000000e+00
2.525510204081632626e+00
2.602040816326530503e+00
2.729591836734694077e+00
2.908163265306122902e+00
3.137755102040816091e+00
3.418367346938775864e+00
3.750000000000000000e+00
