# 3375
9.375000000000000000e+01
8.545918367346938282e+01
7.844387755102040671e+01
7.270408163265305745e+01
6.823979591836734926e+01
6.505102040816326792e+01
6.313775510204081343e+01
6.250000000000000000e+01
6.313775510204081343e+01
6.505102040816326792e+01
6.823979591836734926e+01
7.270408163265307167e+01
7.844387755102040671e+01
8.545918367346939704e+01
9.375000000000000000e+01
8.545918367346938282e+01
7.716836734693876565e+01
7.015306122448978954e+01
6.441326530612244028e+01
5.994897959183673208e+01
5.676020408163265074e+01
5.484693877551020336e+01
5.420918367346938282e+01
5.484693877551020336e+01
5.676020408163265074e+01
5.994897959183673208e+01
6.441326530612245449e+01
7.015306122448978954e+01
7.716836734693877986e+01
8.545918367346938282e+01
7.844387755102040671e+01
7.015306122448978954e+01
6.313775510204081343e+01
5.739795918367346417e+01
5.293367346938775597e+01
4.974489795918367463e+01
4.783163265306122014e+01
4.719387755102040671e+01
4.783163265306122014e+01
4.974489795918367463e+01
5.293367346938775597e+01
5.739795918367347127e+01
6.313775510204081343e+01
7.015306122448980375e+01
7.844387755102040671e+01
7.270408163265305745e+01
6.441326530612244028e+01
5.739795918367346417e+01
5.165816326530612201e+01
4.719387755102040671e+01
4.400510204081632537e+01
4.209183673469387799e+01
4.145408163265305745e+01
4.209183673469387799e+01
4.400510204081632537e+01
4.719387755102040671e+01
5.165816326530612912e+01
5.739795918367346417e+01
6.441326530612245449e+01
7.270408163265305745e+01
6.823979591836734926e+01
5.994897959183673208e+01
5.293367346938775597e+01
4.719387755102040671e+01
4.272959183673469141e+01
3.954081632653061007e+01
3.762755102040816269e+01
3.698979591836734926e+01
3.762755102040816269e+01
3.954081632653061718e+01
4.272959183673469852e+01
4.719387755102041382e+01
5.293367346938775597e+01
5.994897959183673919e+01
6.823979591836734926e+01
6.505102040816326792e+01
5.676020408163265074e+01
4.974489795918367463e+01
4.400510204081632537e+01
3.954081632653061007e+01
3.635204081632652873e+01
3.443877551020408134e+01
3.380102040816326792e+01
3.443877551020408134e+01
3.635204081632652873e+01
3.954081632653061718e+01
4.400510204081633248e+01
4.974489795918367463e+01
5.676020408163265785e+01
6.505102040816326792e+01
6.313775510204081343e+01
5.484693877551020336e+01
4.783163265306122014e+01
4.209183673469387799e+01
3.762755102040816269e+01
3.443877551020408134e+01
3.252551020408163396e+01
3.188775510204081698e+01
3.252551020408163396e+01
3.443877551020408134e+01
3.762755102040816269e+01
4.209183673469388509e+01
4.783163265306122014e+01
5.484693877551021046e+01
6.313775510204081343e+01
6.250000000000000000e+01
5.420918367346938282e+01
4.719387755102040671e+01
4.145408163265305745e+01
3.698979591836734926e+01
3.380102040816326792e+01
3.188775510204081698e+01
3.125000000000000000e+01
3.188775510204081698e+01
3.380102040816326792e+01
3.698979591836734926e+01
4.145408163265306456e+01
4.719387755102040671e+01
5.420918367346939704e+01
6.250000000000000000e+01
6.313775510204081343e+01
5.484693877551020336e+01
4.783163265306122014e+01
4.209183673469387799e+01
3.762755102040816269e+01
3.443877551020408134e+01
3.252551020408163396e+01
3.188775510204081698e+01
3.252551020408163396e+01
3.443877551020408134e+01
3.762755102040816269e+01
4.209183673469388509e+01
4.783163265306122014e+01
5.484693877551021046e+01
6.313775510204081343e+01
6.505102040816326792e+01
5.676020408163265074e+01
4.974489795918367463e+01
4.400510204081632537e+01
3.954081632653061718e+01
3.635204081632652873e+01
3.443877551020408134e+01
3.380102040816326792e+01
3.443877551020408134e+01
3.635204081632653583e+01
3.954081632653061718e+01
4.400510204081633248e+01
4.974489795918367463e+01
5.676020408163266495e+01
6.505102040816326792e+01
6.823979591836734926e+01
5.994897959183673208e+01
5.293367346938775597e+01
4.719387755102040671e+01
4.272959183673469852e+01
3.954081632653061718e+01
3.762755102040816269e+01
3.698979591836734926e+01
3.762755102040816269e+01
3.954081632653061718e+01
4.272959183673469852e+01
4.719387755102041382e+01
5.293367346938775597e+01
5.994897959183674629e+01
6.823979591836734926e+01
7.270408163265307167e+01
6.441326530612245449e+01
5.739795918367347127e+01
5.165816326530612912e+01
4.719387755102041382e+01
4.400510204081633248e+01
4.209183673469388509e+01
4.145408163265306456e+01
4.209183673469388509e+01
4.400510204081633248e+01
4.719387755102041382e+01
5.165816326530612912e+01
5.739795918367347127e+01
6.441326530612246870e+01
7.270408163265307167e+01
7.844387755102040671e+01
7.015306122448978954e+01
6.313775510204081343e+01
5.739795918367346417e+01
5.293367346938775597e+01
4.974489795918367463e+01
4.783163265306122014e+01
4.719387755102040671e+01
4.783163265306122014e+01
4.974489795918367463e+01
5.293367346938775597e+01
5.739795918367347127e+01
6.313775510204081343e+01
7.015306122448980375e+01
7.844387755102040671e+01
8.545918367346939704e+01
7.716836734693877986e+01
7.015306122448980375e+01
6.441326530612245449e+01
5.994897959183673919e+01
5.676020408163265785e+01
5.484693877551021046e+01
5.420918367346939704e+01
5.484693877551021046e+01
5.676020408163266495e+01
5.994897959183674629e+01
6.441326530612246870e+01
7.015306122448980375e+01
7.716836734693879407e+01
8.545918367346939704e+01
9.375000000000000000e+01
8.545918367346938282e+01
7.844387755102040671e+01
7.270408163265305745e+01
6.823979591836734926e+01
6.505102040816326792e+01
6.313775510204081343e+01
6.250000000000000000e+01
6.313775510204081343e+01
6.505102040816326792e+01
6.823979591836734926e+01
7.270408163265307167e+01
7.844387755102040671e+01
8.545918367346939704e+01
9.375000000000000000e+01
8.545918367346938282e+01
7.716836734693876565e+01
7.015306122448978954e+01
6.441326530612244028e+01
5.994897959183673208e+01
5.676020408163265074e+01
5.484693877551020336e+01
5.420918367346938282e+01
5.484693877551020336e+01
5.676020408163265074e+01
5.994897959183673208e+01
6.441326530612245449e+01
7.015306122448978954e+01
7.716836734693877986e+01
8.545918367346938282e+01
7.716836734693876565e+01
6.887755102040816269e+01
6.186224489795917236e+01
5.612244897959183731e+01
5.165816326530611491e+01
4.846938775510203357e+01
4.655612244897959329e+01
4.591836734693877276e+01
4.655612244897959329e+01
4.846938775510204067e+01
5.165816326530612201e+01
5.612244897959183731e+01
6.186224489795917236e+01
6.887755102040816269e+01
7.716836734693876565e+01
7.015306122448978954e+01
6.186224489795917236e+01
5.484693877551019625e+01
4.910714285714285410e+01
4.464285714285713880e+01
4.145408163265305745e+01
3.954081632653061007e+01
3.890306122448978954e+01
3.954081632653061007e+01
4.145408163265305745e+01
4.464285714285713880e+01
4.910714285714286120e+01
5.484693877551019625e+01
6.186224489795918657e+01
7.015306122448978954e+01
6.441326530612244028e+01
5.612244897959183731e+01
4.910714285714285410e+01
4.336734693877551194e+01
3.890306122448978954e+01
3.571428571428570820e+01
3.380102040816326792e+01
3.316326530612244738e+01
3.380102040816326792e+01
3.571428571428571530e+01
3.890306122448979664e+01
4.336734693877551194e+01
4.910714285714285410e+01
5.612244897959183731e+01
6.441326530612244028e+01
5.994897959183673208e+01
5.165816326530611491e+01
4.464285714285713880e+01
3.890306122448978954e+01
3.443877551020408134e+01
3.125000000000000000e+01
2.933673469387754906e+01
2.869897959183673208e+01
2.933673469387754906e+01
3.125000000000000000e+01
3.443877551020408134e+01
3.890306122448980375e+01
4.464285714285713880e+01
5.165816326530612912e+01
5.994897959183673208e+01
5.676020408163265074e+01
4.846938775510203357e+01
4.145408163265305745e+01
3.571428571428570820e+01
3.125000000000000000e+01
2.806122448979591510e+01
2.614795918367346772e+01
2.551020408163265074e+01
2.614795918367346772e+01
2.806122448979591866e+01
3.125000000000000000e+01
3.571428571428571530e+01
4.145408163265305745e+01
4.846938775510204778e+01
5.676020408163265074e+01
5.484693877551020336e+01
4.655612244897959329e+01
3.954081632653061007e+01
3.380102040816326792e+01
2.933673469387754906e+01
2.614795918367346772e+01
2.423469387755102034e+01
2.359693877551020336e+01
2.423469387755102034e+01
2.614795918367347127e+01
2.933673469387755262e+01
3.380102040816326792e+01
3.954081632653061007e+01
4.655612244897959329e+01
5.484693877551020336e+01
5.420918367346938282e+01
4.591836734693877276e+01
3.890306122448978954e+01
3.316326530612244738e+01
2.869897959183673208e+01
2.551020408163265074e+01
2.359693877551020336e+01
2.295918367346938638e+01
2.359693877551020336e+01
2.551020408163265429e+01
2.869897959183673564e+01
3.316326530612245449e+01
3.890306122448978954e+01
4.591836734693877986e+01
5.420918367346938282e+01
5.484693877551020336e+01
4.655612244897959329e+01
3.954081632653061007e+01
3.380102040816326792e+01
2.933673469387754906e+01
2.614795918367346772e+01
2.423469387755102034e+01
2.359693877551020336e+01
2.423469387755102034e+01
2.614795918367347127e+01
2.933673469387755262e+01
3.380102040816326792e+01
3.954081632653061007e+01
4.655612244897959329e+01
5.484693877551020336e+01
5.676020408163265074e+01
4.846938775510204067e+01
4.145408163265305745e+01
3.571428571428571530e+01
3.125000000000000000e+01
2.806122448979591866e+01
2.614795918367347127e+01
2.551020408163265429e+01
2.614795918367347127e+01
2.806122448979591866e+01
3.125000000000000000e+01
3.571428571428572241e+01
4.145408163265305745e+01
4.846938775510204778e+01
5.676020408163265074e+01
5.994897959183673208e+01
5.165816326530612201e+01
4.464285714285713880e+01
3.890306122448979664e+01
3.443877551020408134e+01
3.125000000000000000e+01
2.933673469387755262e+01
2.869897959183673564e+01
2.933673469387755262e+01
3.125000000000000000e+01
3.443877551020408134e+01
3.890306122448980375e+01
4.464285714285713880e+01
5.165816326530612912e+01
5.994897959183673208e+01
6.441326530612245449e+01
5.612244897959183731e+01
4.910714285714286120e+01
4.336734693877551194e+01
3.890306122448980375e+01
3.571428571428571530e+01
3.380102040816326792e+01
3.316326530612245449e+01
3.380102040816326792e+01
3.571428571428572241e+01
3.890306122448980375e+01
4.336734693877551905e+01
4.910714285714286120e+01
5.612244897959185153e+01
6.441326530612245449e+01
7.015306122448978954e+01
6.186224489795917236e+01
5.484693877551019625e+01
4.910714285714285410e+01
4.464285714285713880e+01
4.145408163265305745e+01
3.954081632653061007e+01
3.890306122448978954e+01
3.954081632653061007e+01
4.145408163265305745e+01
4.464285714285713880e+01
4.910714285714286120e+01
5.484693877551019625e+01
6.186224489795918657e+01
7.015306122448978954e+01
7.716836734693877986e+01
6.887755102040816269e+01
6.186224489795918657e+01
5.612244897959183731e+01
5.165816326530612912e+01
4.846938775510204778e+01
4.655612244897959329e+01
4.591836734693877986e+01
4.655612244897959329e+01
4.846938775510204778e+01
5.165816326530612912e+01
5.612244897959185153e+01
6.186224489795918657e+01
6.887755102040817690e+01
7.716836734693877986e+01
8.545918367346938282e+01
7.716836734693876565e+01
7.015306122448978954e+01
6.441326530612244028e+01
5.994897959183673208e+01
5.676020408163265074e+01
5.484693877551020336e+01
5.420918367346938282e+01
5.484693877551020336e+01
5.676020408163265074e+01
5.994897959183673208e+01
6.441326530612245449e+01
7.015306122448978954e+01
7.716836734693877986e+01
8.545918367346938282e+01
7.844387755102040671e+01
7.015306122448978954e+01
6.313775510204081343e+01
5.739795918367346417e+01
5.293367346938775597e+01
4.974489795918367463e+01
4.783163265306122014e+01
4.719387755102040671e+01
4.783163265306122014e+01
4.974489795918367463e+01
5.293367346938775597e+01
5.739795918367347127e+01
6.313775510204081343e+01
7.015306122448980375e+01
7.844387755102040671e+01
7.015306122448978954e+01
6.186224489795917947e+01
5.484693877551019625e+01
4.910714285714285410e+01
4.464285714285713880e+01
4.145408163265305745e+01
3.954081632653061007e+01
3.890306122448978954e+01
3.954081632653061007e+01
4.145408163265305745e+01
4.464285714285713880e+01
4.910714285714286120e+01
5.484693877551019625e+01
6.186224489795918657e+01
7.015306122448978954e+01
6.313775510204081343e+01
5.484693877551019625e+01
4.783163265306122014e+01
4.209183673469387088e+01
3.762755102040816269e+01
3.443877551020408134e+01
3.252551020408162685e+01
3.188775510204081343e+01
3.252551020408162685e+01
3.443877551020408134e+01
3.762755102040816269e+01
4.209183673469387799e+01
4.783163265306122014e+01
5.484693877551021046e+01
6.313775510204081343e+01
5.739795918367346417e+01
4.910714285714285410e+01
4.209183673469387088e+01
3.635204081632652873e+01
3.188775510204081343e+01
2.869897959183673208e+01
2.678571428571428470e+01
2.614795918367346772e+01
2.678571428571428470e+01
2.869897959183673208e+01
3.188775510204081698e+01
3.635204081632653583e+01
4.209183673469387088e+01
4.910714285714286120e+01
5.739795918367346417e+01
5.293367346938775597e+01
4.464285714285713880e+01
3.762755102040816269e+01
3.188775510204081343e+01
2.742346938775509813e+01
2.423469387755101678e+01
2.232142857142856940e+01
2.168367346938775242e+01
2.232142857142856940e+01
2.423469387755102034e+01
2.742346938775510168e+01
3.188775510204082053e+01
3.762755102040816269e+01
4.464285714285714590e+01
5.293367346938775597e+01
4.974489795918367463e+01
4.145408163265305745e+01
3.443877551020408134e+01
2.869897959183673208e+01
2.423469387755101678e+01
2.104591836734693544e+01
1.913265306122448806e+01
1.849489795918367108e+01
1.913265306122448806e+01
2.104591836734693899e+01
2.423469387755102034e+01
2.869897959183673919e+01
3.443877551020408134e+01
4.145408163265306456e+01
4.974489795918367463e+01
4.783163265306122014e+01
3.954081632653061007e+01
3.252551020408162685e+01
2.678571428571428470e+01
2.232142857142856940e+01
1.913265306122448806e+01
1.721938775510204067e+01
1.658163265306122369e+01
1.721938775510204067e+01
1.913265306122448806e+01
2.232142857142857295e+01
2.678571428571429180e+01
3.252551020408162685e+01
3.954081632653061718e+01
4.783163265306122014e+01
4.719387755102040671e+01
3.890306122448978954e+01
3.188775510204081343e+01
2.614795918367346772e+01
2.168367346938775242e+01
1.849489795918367108e+01
1.658163265306122369e+01
1.594387755102040671e+01
1.658163265306122369e+01
1.849489795918367463e+01
2.168367346938775597e+01
2.614795918367347127e+01
3.188775510204081343e+01
3.890306122448980375e+01
4.719387755102040671e+01
4.783163265306122014e+01
3.954081632653061007e+01
3.252551020408162685e+01
2.678571428571428470e+01
2.232142857142856940e+01
1.913265306122448806e+01
1.721938775510204067e+01
1.658163265306122369e+01
1.721938775510204067e+01
1.913265306122448806e+01
2.232142857142857295e+01
2.678571428571429180e+01
3.252551020408162685e+01
3.954081632653061718e+01
4.783163265306122014e+01
4.974489795918367463e+01
4.145408163265305745e+01
3.443877551020408134e+01
2.869897959183673208e+01
2.423469387755102034e+01
2.104591836734693899e+01
1.913265306122448806e+01
1.849489795918367463e+01
1.913265306122448806e+01
2.104591836734693899e+01
2.423469387755102389e+01
2.869897959183673919e+01
3.443877551020408134e+01
4.145408163265307167e+01
4.974489795918367463e+01
5.293367346938775597e+01
4.464285714285713880e+01
3.762755102040816269e+01
3.188775510204081698e+01
2.742346938775510168e+01
2.423469387755102034e+01
2.232142857142857295e+01
2.168367346938775597e+01
2.232142857142857295e+01
2.423469387755102389e+01
2.742346938775510523e+01
3.188775510204082053e+01
3.762755102040816269e+01
4.464285714285715301e+01
5.293367346938775597e+01
5.739795918367347127e+01
4.910714285714286120e+01
4.209183673469387799e+01
3.635204081632653583e+01
3.188775510204082053e+01
2.869897959183673919e+01
2.678571428571429180e+01
2.614795918367347127e+01
2.678571428571429180e+01
2.869897959183673919e+01
3.188775510204082053e+01
3.635204081632653583e+01
4.209183673469387799e+01
4.910714285714286831e+01
5.739795918367347127e+01
6.313775510204081343e+01
5.484693877551019625e+01
4.783163265306122014e+01
4.209183673469387088e+01
3.762755102040816269e+01
3.443877551020408134e+01
3.252551020408162685e+01
3.188775510204081343e+01
3.252551020408162685e+01
3.443877551020408134e+01
3.762755102040816269e+01
4.209183673469387799e+01
4.783163265306122014e+01
5.484693877551021046e+01
6.313775510204081343e+01
7.015306122448980375e+01
6.186224489795918657e+01
5.484693877551021046e+01
4.910714285714286120e+01
4.464285714285714590e+01
4.145408163265306456e+01
3.954081632653061718e+01
3.890306122448980375e+01
3.954081632653061718e+01
4.145408163265307167e+01
4.464285714285715301e+01
4.910714285714286831e+01
5.484693877551021046e+01
6.186224489795919368e+01
7.015306122448980375e+01
7.844387755102040671e+01
7.015306122448978954e+01
6.313775510204081343e+01
5.739795918367346417e+01
5.293367346938775597e+01
4.974489795918367463e+01
4.783163265306122014e+01
4.719387755102040671e+01
4.783163265306122014e+01
4.974489795918367463e+01
5.293367346938775597e+01
5.739795918367347127e+01
6.313775510204081343e+01
7.015306122448980375e+01
7.844387755102040671e+01
7.270408163265305745e+01
6.441326530612244028e+01
5.739795918367346417e+01
5.165816326530611491e+01
4.719387755102040671e+01
4.400510204081632537e+01
4.209183673469387799e+01
4.145408163265305745e+01
4.209183673469387799e+01
4.400510204081632537e+01
4.719387755102040671e+01
5.165816326530612912e+01
5.739795918367346417e+01
6.441326530612245449e+01
7.270408163265305745e+01
6.441326530612244028e+01
5.612244897959183731e+01
4.910714285714284699e+01
4.336734693877551194e+01
3.890306122448978954e+01
3.571428571428570820e+01
3.380102040816326792e+01
3.316326530612244738e+01
3.380102040816326792e+01
3.571428571428571530e+01
3.890306122448979664e+01
4.336734693877551194e+01
4.910714285714284699e+01
5.612244897959183731e+01
6.441326530612244028e+01
5.739795918367346417e+01
4.910714285714284699e+01
4.209183673469387088e+01
3.635204081632652873e+01
3.188775510204081343e+01
2.869897959183673208e+01
2.678571428571428470e+01
2.614795918367346772e+01
2.678571428571428470e+01
2.869897959183673564e+01
3.188775510204081698e+01
3.635204081632653583e+01
4.209183673469387088e+01
4.910714285714286120e+01
5.739795918367346417e+01
5.165816326530611491e+01
4.336734693877551194e+01
3.635204081632652873e+01
3.061224489795918302e+01
2.614795918367346772e+01
2.295918367346938638e+01
2.104591836734693899e+01
2.040816326530612201e+01
2.104591836734693899e+01
2.295918367346938993e+01
2.614795918367347127e+01
3.061224489795919013e+01
3.635204081632652873e+01
4.336734693877551194e+01
5.165816326530611491e+01
4.719387755102040671e+01
3.890306122448978954e+01
3.188775510204081343e+01
2.614795918367346772e+01
2.168367346938775597e+01
1.849489795918367463e+01
1.658163265306122369e+01
1.594387755102040671e+01
1.658163265306122369e+01
1.849489795918367463e+01
2.168367346938775597e+01
2.614795918367347483e+01
3.188775510204081343e+01
3.890306122448980375e+01
4.719387755102040671e+01
4.400510204081632537e+01
3.571428571428570820e+01
2.869897959183673208e+01
2.295918367346938638e+01
1.849489795918367463e+01
1.530612244897958973e+01
1.339285714285714235e+01
1.275510204081632537e+01
1.339285714285714235e+01
1.530612244897959329e+01
1.849489795918367463e+01
2.295918367346938993e+01
2.869897959183673208e+01
3.571428571428572241e+01
4.400510204081632537e+01
4.209183673469387799e+01
3.380102040816326792e+01
2.678571428571428470e+01
2.104591836734693899e+01
1.658163265306122369e+01
1.339285714285714235e+01
1.147959183673469497e+01
1.084183673469387799e+01
1.147959183673469497e+01
1.339285714285714413e+01
1.658163265306122724e+01
2.104591836734694255e+01
2.678571428571428470e+01
3.380102040816326792e+01
4.209183673469387799e+01
4.145408163265305745e+01
3.316326530612244738e+01
2.614795918367346772e+01
2.040816326530612201e+01
1.594387755102040671e+01
1.275510204081632537e+01
1.084183673469387799e+01
1.020408163265306101e+01
1.084183673469387799e+01
1.275510204081632715e+01
1.594387755102041027e+01
2.040816326530612912e+01
2.614795918367346772e+01
3.316326530612245449e+01
4.145408163265305745e+01
4.209183673469387799e+01
3.380102040816326792e+01
2.678571428571428470e+01
2.104591836734693899e+01
1.658163265306122369e+01
1.339285714285714235e+01
1.147959183673469497e+01
1.084183673469387799e+01
1.147959183673469497e+01
1.339285714285714413e+01
1.658163265306122724e+01
2.104591836734694255e+01
2.678571428571428470e+01
3.380102040816326792e+01
4.209183673469387799e+01
4.400510204081632537e+01
3.571428571428571530e+01
2.869897959183673564e+01
2.295918367346938993e+01
1.849489795918367463e+01
1.530612244897959329e+01
1.339285714285714413e+01
1.275510204081632715e+01
1.339285714285714413e+01
1.530612244897959329e+01
1.849489795918367463e+01
2.295918367346939348e+01
2.869897959183673564e+01
3.571428571428572241e+01
4.400510204081632537e+01
4.719387755102040671e+01
3.890306122448979664e+01
3.188775510204081698e+01
2.614795918367347127e+01
2.168367346938775597e+01
1.849489795918367463e+01
1.658163265306122724e+01
1.594387755102041027e+01
1.658163265306122724e+01
1.849489795918367463e+01
2.168367346938775597e+01
2.614795918367347483e+01
3.188775510204081698e+01
3.890306122448980375e+01
4.719387755102040671e+01
5.165816326530612912e+01
4.336734693877551194e+01
3.635204081632653583e+01
3.061224489795919013e+01
2.614795918367347483e+01
2.295918367346938993e+01
2.104591836734694255e+01
2.040816326530612912e+01
2.104591836734694255e+01
2.295918367346939348e+01
2.614795918367347483e+01
3.061224489795919368e+01
3.635204081632653583e+01
4.336734693877552616e+01
5.165816326530612912e+01
5.739795918367346417e+01
4.910714285714284699e+01
4.209183673469387088e+01
3.635204081632652873e+01
3.188775510204081343e+01
2.869897959183673208e+01
2.678571428571428470e+01
2.614795918367346772e+01
2.678571428571428470e+01
2.869897959183673564e+01
3.188775510204081698e+01
3.635204081632653583e+01
4.209183673469387088e+01
4.910714285714286120e+01
5.739795918367346417e+01
6.441326530612245449e+01
5.612244897959183731e+01
4.910714285714286120e+01
4.336734693877551194e+01
3.890306122448980375e+01
3.571428571428572241e+01
3.380102040816326792e+01
3.316326530612245449e+01
3.380102040816326792e+01
3.571428571428572241e+01
3.890306122448980375e+01
4.336734693877552616e+01
4.910714285714286120e+01
5.612244897959185153e+01
6.441326530612245449e+01
7.270408163265305745e+01
6.441326530612244028e+01
5.739795918367346417e+01
5.165816326530611491e+01
4.719387755102040671e+01
4.400510204081632537e+01
4.209183673469387799e+01
4.145408163265305745e+01
4.209183673469387799e+01
4.400510204081632537e+01
4.719387755102040671e+01
5.165816326530612912e+01
5.739795918367346417e+01
6.441326530612245449e+01
7.270408163265305745e+01
6.823979591836734926e+01
5.994897959183673208e+01
5.293367346938775597e+01
4.719387755102040671e+01
4.272959183673469852e+01
3.954081632653061718e+01
3.762755102040816269e+01
3.698979591836734926e+01
3.762755102040816269e+01
3.954081632653061718e+01
4.272959183673469852e+01
4.719387755102041382e+01
5.293367346938775597e+01
5.994897959183674629e+01
6.823979591836734926e+01
5.994897959183673208e+01
5.165816326530612201e+01
4.464285714285713880e+01
3.890306122448979664e+01
3.443877551020408134e+01
3.124999999999999645e+01
2.933673469387754906e+01
2.869897959183673208e+01
2.933673469387754906e+01
3.125000000000000000e+01
3.443877551020408134e+01
3.890306122448980375e+01
4.464285714285713880e+01
5.165816326530612912e+01
5.994897959183673208e+01
5.293367346938775597e+01
4.464285714285713880e+01
3.762755102040816269e+01
3.188775510204081343e+01
2.742346938775509813e+01
2.423469387755101678e+01
2.232142857142856940e+01
2.168367346938775242e+01
2.232142857142856940e+01
2.423469387755102034e+01
2.742346938775510168e+01
3.188775510204081698e+01
3.762755102040816269e+01
4.464285714285715301e+01
5.293367346938775597e+01
4.719387755102040671e+01
3.890306122448979664e+01
3.188775510204081343e+01
2.614795918367346772e+01
2.168367346938775242e+01
1.849489795918367108e+01
1.658163265306122369e+01
1.594387755102040671e+01
1.658163265306122369e+01
1.849489795918367463e+01
2.168367346938775597e+01
2.614795918367347483e+01
3.188775510204081343e+01
3.890306122448980375e+01
4.719387755102040671e+01
4.272959183673469852e+01
3.443877551020408134e+01
2.742346938775509813e+01
2.168367346938775242e+01
1.721938775510204067e+01
1.403061224489795933e+01
1.211734693877551017e+01
1.147959183673469319e+01
1.211734693877551017e+01
1.403061224489795933e+01
1.721938775510204067e+01
2.168367346938775952e+01
2.742346938775509813e+01
3.443877551020408845e+01
4.272959183673469852e+01
3.954081632653061718e+01
3.124999999999999645e+01
2.423469387755101678e+01
1.849489795918367108e+01
1.403061224489795933e+01
1.084183673469387621e+01
8.928571428571427049e+00
8.290816326530611846e+00
8.928571428571427049e+00
1.084183673469387799e+01
1.403061224489795933e+01
1.849489795918367818e+01
2.423469387755101678e+01
3.125000000000000355e+01
3.954081632653061718e+01
3.762755102040816269e+01
2.933673469387754906e+01
2.232142857142856940e+01
1.658163265306122369e+01
1.211734693877551017e+01
8.928571428571427049e+00
7.015306122448979664e+00
6.377551020408163573e+00
7.015306122448979664e+00
8.928571428571430602e+00
1.211734693877551194e+01
1.658163265306123080e+01
2.232142857142856940e+01
2.933673469387755617e+01
3.762755102040816269e+01
3.698979591836734926e+01
2.869897959183673208e+01
2.168367346938775242e+01
1.594387755102040671e+01
1.147959183673469319e+01
8.290816326530611846e+00
6.377551020408163573e+00
5.739795918367346594e+00
6.377551020408163573e+00
8.290816326530613622e+00
1.147959183673469497e+01
1.594387755102041382e+01
2.168367346938775242e+01
2.869897959183673919e+01
3.698979591836734926e+01
3.762755102040816269e+01
2.933673469387754906e+01
2.232142857142856940e+01
1.658163265306122369e+01
1.211734693877551017e+01
8.928571428571427049e+00
7.015306122448979664e+00
6.377551020408163573e+00
7.015306122448979664e+00
8.928571428571430602e+00
1.211734693877551194e+01
1.658163265306123080e+01
2.232142857142856940e+01
2.933673469387755617e+01
3.762755102040816269e+01
3.954081632653061718e+01
3.125000000000000000e+01
2.423469387755102034e+01
1.849489795918367463e+01
1.403061224489795933e+01
1.084183673469387799e+01
8.928571428571430602e+00
8.290816326530613622e+00
8.928571428571430602e+00
1.084183673469387976e+01
1.403061224489796288e+01
1.849489795918367818e+01
2.423469387755102034e+01
3.125000000000000711e+01
3.954081632653061718e+01
4.272959183673469852e+01
3.443877551020408134e+01
2.742346938775510168e+01
2.168367346938775597e+01
1.721938775510204067e+01
1.403061224489795933e+01
1.211734693877551194e+01
1.147959183673469497e+01
1.211734693877551194e+01
1.403061224489796288e+01
1.721938775510204422e+01
2.168367346938775952e+01
2.742346938775510168e+01
3.443877551020408845e+01
4.272959183673469852e+01
4.719387755102041382e+01
3.890306122448980375e+01
3.188775510204081698e+01
2.614795918367347483e+01
2.168367346938775952e+01
1.849489795918367818e+01
1.658163265306123080e+01
1.594387755102041382e+01
1.658163265306123080e+01
1.849489795918367818e+01
2.168367346938775952e+01
2.614795918367347838e+01
3.188775510204081698e+01
3.890306122448981085e+01
4.719387755102041382e+01
5.293367346938775597e+01
4.464285714285713880e+01
3.762755102040816269e+01
3.188775510204081343e+01
2.742346938775509813e+01
2.423469387755101678e+01
2.232142857142856940e+01
2.168367346938775242e+01
2.232142857142856940e+01
2.423469387755102034e+01
2.742346938775510168e+01
3.188775510204081698e+01
3.762755102040816269e+01
4.464285714285715301e+01
5.293367346938775597e+01
5.994897959183674629e+01
5.165816326530612912e+01
4.464285714285715301e+01
3.890306122448980375e+01
3.443877551020408845e+01
3.125000000000000355e+01
2.933673469387755617e+01
2.869897959183673919e+01
2.933673469387755617e+01
3.125000000000000711e+01
3.443877551020408845e+01
3.890306122448981085e+01
4.464285714285715301e+01
5.165816326530613622e+01
5.994897959183674629e+01
6.823979591836734926e+01
5.994897959183673208e+01
5.293367346938775597e+01
4.719387755102040671e+01
4.272959183673469852e+01
3.954081632653061718e+01
3.762755102040816269e+01
3.698979591836734926e+01
3.762755102040816269e+01
3.954081632653061718e+01
4.272959183673469852e+01
4.719387755102041382e+01
5.293367346938775597e+01
5.994897959183674629e+01
6.823979591836734926e+01
6.505102040816326792e+01
5.676020408163265074e+01
4.974489795918367463e+01
4.400510204081632537e+01
3.954081632653061718e+01
3.635204081632653583e+01
3.443877551020408134e+01
3.380102040816326792e+01
3.443877551020408134e+01
3.635204081632653583e+01
3.954081632653061718e+01
4.400510204081633248e+01
4.974489795918367463e+01
5.676020408163266495e+01
6.505102040816326792e+01
5.676020408163265074e+01
4.846938775510204067e+01
4.145408163265305745e+01
3.571428571428571530e+01
3.124999999999999645e+01
2.806122448979591510e+01
2.614795918367346772e+01
2.551020408163265074e+01
2.614795918367346772e+01
2.806122448979591866e+01
3.125000000000000000e+01
3.571428571428572241e+01
4.145408163265305745e+01
4.846938775510204778e+01
5.676020408163265074e+01
4.974489795918367463e+01
4.145408163265305745e+01
3.443877551020408134e+01
2.869897959183673208e+01
2.423469387755101678e+01
2.104591836734693544e+01
1.913265306122448806e+01
1.849489795918367108e+01
1.913265306122448806e+01
2.104591836734693899e+01
2.423469387755102034e+01
2.869897959183673564e+01
3.443877551020408134e+01
4.145408163265307167e+01
4.974489795918367463e+01
4.400510204081632537e+01
3.571428571428571530e+01
2.869897959183673208e+01
2.295918367346938638e+01
1.849489795918367108e+01
1.530612244897958973e+01
1.339285714285714235e+01
1.275510204081632537e+01
1.339285714285714235e+01
1.530612244897959151e+01
1.849489795918367463e+01
2.295918367346939348e+01
2.869897959183673208e+01
3.571428571428572241e+01
4.400510204081632537e+01
3.954081632653061718e+01
3.124999999999999645e+01
2.423469387755101678e+01
1.849489795918367108e+01
1.403061224489795755e+01
1.084183673469387621e+01
8.928571428571428825e+00
8.290816326530611846e+00
8.928571428571428825e+00
1.084183673469387799e+01
1.403061224489795933e+01
1.849489795918367818e+01
2.423469387755101678e+01
3.125000000000000355e+01
3.954081632653061718e+01
3.635204081632653583e+01
2.806122448979591510e+01
2.104591836734693544e+01
1.530612244897958973e+01
1.084183673469387621e+01
7.653061224489794867e+00
5.739795918367345706e+00
5.102040816326529615e+00
5.739795918367345706e+00
7.653061224489796643e+00
1.084183673469387799e+01
1.530612244897959506e+01
2.104591836734693544e+01
2.806122448979592221e+01
3.635204081632653583e+01
3.443877551020408134e+01
2.614795918367346772e+01
1.913265306122448806e+01
1.339285714285714235e+01
8.928571428571428825e+00
5.739795918367345706e+00
3.826530612244898322e+00
3.188775510204081343e+00
3.826530612244898322e+00
5.739795918367347483e+00
8.928571428571430602e+00
1.339285714285714768e+01
1.913265306122448806e+01
2.614795918367347483e+01
3.443877551020408134e+01
3.380102040816326792e+01
2.551020408163265074e+01
1.849489795918367108e+01
1.275510204081632537e+01
8.290816326530611846e+00
5.102040816326529615e+00
3.188775510204081343e+00
2.551020408163264808e+00
3.188775510204081343e+00
5.102040816326531392e+00
8.290816326530613622e+00
1.275510204081633070e+01
1.849489795918367108e+01
2.551020408163265785e+01
3.380102040816326792e+01
3.443877551020408134e+01
2.614795918367346772e+01
1.913265306122448806e+01
1.339285714285714235e+01
8.928571428571428825e+00
5.739795918367345706e+00
3.826530612244898322e+00
3.188775510204081343e+00
3.826530612244898322e+00
5.739795918367347483e+00
8.928571428571430602e+00
1.339285714285714768e+01
1.913265306122448806e+01
2.614795918367347483e+01
3.443877551020408134e+01
3.635204081632653583e+01
2.806122448979591866e+01
2.104591836734693899e+01
1.530612244897959151e+01
1.084183673469387799e+01
7.653061224489796643e+00
5.739795918367347483e+00
5.102040816326531392e+00
5.739795918367347483e+00
7.653061224489798420e+00
1.084183673469387976e+01
1.530612244897959684e+01
2.104591836734693899e+01
2.806122448979592576e+01
3.635204081632653583e+01
3.954081632653061718e+01
3.125000000000000000e+01
2.423469387755102034e+01
1.849489795918367463e+01
1.403061224489795933e+01
1.084183673469387799e+01
8.928571428571430602e+00
8.290816326530613622e+00
8.928571428571430602e+00
1.084183673469387976e+01
1.403061224489796111e+01
1.849489795918367818e+01
2.423469387755102034e+01
3.125000000000000711e+01
3.954081632653061718e+01
4.400510204081633248e+01
3.571428571428572241e+01
2.869897959183673564e+01
2.295918367346939348e+01
1.849489795918367818e+01
1.530612244897959506e+01
1.339285714285714768e+01
1.275510204081633070e+01
1.339285714285714768e+01
1.530612244897959684e+01
1.849489795918367818e+01
2.295918367346939704e+01
2.869897959183673564e+01
3.571428571428572951e+01
4.400510204081633248e+01
4.974489795918367463e+01
4.145408163265305745e+01
3.443877551020408134e+01
2.869897959183673208e+01
2.423469387755101678e+01
2.104591836734693544e+01
1.913265306122448806e+01
1.849489795918367108e+01
1.913265306122448806e+01
2.104591836734693899e+01
2.423469387755102034e+01
2.869897959183673564e+01
3.443877551020408134e+01
4.145408163265307167e+01
4.974489795918367463e+01
5.676020408163266495e+01
4.846938775510204778e+01
4.145408163265307167e+01
3.571428571428572241e+01
3.125000000000000355e+01
2.806122448979592221e+01
2.614795918367347483e+01
2.551020408163265785e+01
2.614795918367347483e+01
2.806122448979592576e+01
3.125000000000000711e+01
3.571428571428572951e+01
4.145408163265307167e+01
4.846938775510205488e+01
5.676020408163266495e+01
6.505102040816326792e+01
5.676020408163265074e+01
4.974489795918367463e+01
4.400510204081632537e+01
3.954081632653061718e+01
3.635204081632653583e+01
3.443877551020408134e+01
3.380102040816326792e+01
3.443877551020408134e+01
3.635204081632653583e+01
3.954081632653061718e+01
4.400510204081633248e+01
4.974489795918367463e+01
5.676020408163266495e+01
6.505102040816326792e+01
6.313775510204081343e+01
5.484693877551019625e+01
4.783163265306122014e+01
4.209183673469387088e+01
3.762755102040816269e+01
3.443877551020408134e+01
3.252551020408163396e+01
3.188775510204081698e+01
3.252551020408163396e+01
3.443877551020408134e+01
3.762755102040816269e+01
4.209183673469387799e+01
4.783163265306122014e+01
5.484693877551021046e+01
6.313775510204081343e+01
5.484693877551019625e+01
4.655612244897958618e+01
3.954081632653060296e+01
3.380102040816326081e+01
2.933673469387754906e+01
2.614795918367346772e+01
2.423469387755102034e+01
2.359693877551020336e+01
2.423469387755102034e+01
2.614795918367347127e+01
2.933673469387755262e+01
3.380102040816326792e+01
3.954081632653060296e+01
4.655612244897959329e+01
5.484693877551019625e+01
4.783163265306122014e+01
3.954081632653060296e+01
3.252551020408162685e+01
2.678571428571428470e+01
2.232142857142856940e+01
1.913265306122448806e+01
1.721938775510204067e+01
1.658163265306122369e+01
1.721938775510204067e+01
1.913265306122449161e+01
2.232142857142857295e+01
2.678571428571428825e+01
3.252551020408162685e+01
3.954081632653061718e+01
4.783163265306122014e+01
4.209183673469387088e+01
3.380102040816326081e+01
2.678571428571428470e+01
2.104591836734693899e+01
1.658163265306122369e+01
1.339285714285714235e+01
1.147959183673469497e+01
1.084183673469387799e+01
1.147959183673469497e+01
1.339285714285714413e+01
1.658163265306122724e+01
2.104591836734694610e+01
2.678571428571428470e+01
3.380102040816326792e+01
4.209183673469387088e+01
3.762755102040816269e+01
2.933673469387754906e+01
2.232142857142856940e+01
1.658163265306122369e+01
1.211734693877551017e+01
8.928571428571428825e+00
7.015306122448980553e+00
6.377551020408163573e+00
7.015306122448980553e+00
8.928571428571430602e+00
1.211734693877551194e+01
1.658163265306123080e+01
2.232142857142856940e+01
2.933673469387755617e+01
3.762755102040816269e+01
3.443877551020408134e+01
2.614795918367346772e+01
1.913265306122448806e+01
1.339285714285714235e+01
8.928571428571428825e+00
5.739795918367346594e+00
3.826530612244897878e+00
3.188775510204081343e+00
3.826530612244897878e+00
5.739795918367348371e+00
8.928571428571430602e+00
1.339285714285714768e+01
1.913265306122448806e+01
2.614795918367347483e+01
3.443877551020408134e+01
3.252551020408163396e+01
2.423469387755102034e+01
1.721938775510204067e+01
1.147959183673469497e+01
7.015306122448980553e+00
3.826530612244897878e+00
1.913265306122450049e+00
1.275510204081633292e+00
1.913265306122450049e+00
3.826530612244899654e+00
7.015306122448982329e+00
1.147959183673470029e+01
1.721938775510204067e+01
2.423469387755102744e+01
3.252551020408163396e+01
3.188775510204081698e+01
2.359693877551020336e+01
1.658163265306122369e+01
1.084183673469387799e+01
6.377551020408163573e+00
3.188775510204081343e+00
1.275510204081633292e+00
6.377551020408166460e-01
1.275510204081633292e+00
3.188775510204083119e+00
6.377551020408165350e+00
1.084183673469388332e+01
1.658163265306122369e+01
2.359693877551021046e+01
3.188775510204081698e+01
3.252551020408163396e+01
2.423469387755102034e+01
1.721938775510204067e+01
1.147959183673469497e+01
7.015306122448980553e+00
3.826530612244897878e+00
1.913265306122450049e+00
1.275510204081633292e+00
1.913265306122450049e+00
3.826530612244899654e+00
7.015306122448982329e+00
1.147959183673470029e+01
1.721938775510204067e+01
2.423469387755102744e+01
3.252551020408163396e+01
3.443877551020408134e+01
2.614795918367347127e+01
1.913265306122449161e+01
1.339285714285714413e+01
8.928571428571430602e+00
5.739795918367348371e+00
3.826530612244899654e+00
3.188775510204083119e+00
3.826530612244899654e+00
5.739795918367350147e+00
8.928571428571432378e+00
1.339285714285714946e+01
1.913265306122449161e+01
2.614795918367347838e+01
3.443877551020408134e+01
3.762755102040816269e+01
2.933673469387755262e+01
2.232142857142857295e+01
1.658163265306122724e+01
1.211734693877551194e+01
8.928571428571430602e+00
7.015306122448982329e+00
6.377551020408165350e+00
7.015306122448982329e+00
8.928571428571432378e+00
1.211734693877551372e+01
1.658163265306123080e+01
2.232142857142857295e+01
2.933673469387755972e+01
3.762755102040816269e+01
4.209183673469387799e+01
3.380102040816326792e+01
2.678571428571428825e+01
2.104591836734694610e+01
1.658163265306123080e+01
1.339285714285714768e+01
1.147959183673470029e+01
1.084183673469388332e+01
1.147959183673470029e+01
1.339285714285714946e+01
1.658163265306123080e+01
2.104591836734694965e+01
2.678571428571428825e+01
3.380102040816327502e+01
4.209183673469387799e+01
4.783163265306122014e+01
3.954081632653060296e+01
3.252551020408162685e+01
2.678571428571428470e+01
2.232142857142856940e+01
1.913265306122448806e+01
1.721938775510204067e+01
1.658163265306122369e+01
1.721938775510204067e+01
1.913265306122449161e+01
2.232142857142857295e+01
2.678571428571428825e+01
3.252551020408162685e+01
3.954081632653061718e+01
4.783163265306122014e+01
5.484693877551021046e+01
4.655612244897959329e+01
3.954081632653061718e+01
3.380102040816326792e+01
2.933673469387755617e+01
2.614795918367347483e+01
2.423469387755102744e+01
2.359693877551021046e+01
2.423469387755102744e+01
2.614795918367347838e+01
2.933673469387755972e+01
3.380102040816327502e+01
3.954081632653061718e+01
4.655612244897960039e+01
5.484693877551021046e+01
6.313775510204081343e+01
5.484693877551019625e+01
4.783163265306122014e+01
4.209183673469387088e+01
3.762755102040816269e+01
3.443877551020408134e+01
3.252551020408163396e+01
3.188775510204081698e+01
3.252551020408163396e+01
3.443877551020408134e+01
3.762755102040816269e+01
4.209183673469387799e+01
4.783163265306122014e+01
5.484693877551021046e+01
6.313775510204081343e+01
6.250000000000000000e+01
5.420918367346938282e+01
4.719387755102040671e+01
4.145408163265305745e+01
3.698979591836734926e+01
3.380102040816326792e+01
3.188775510204081698e+01
3.125000000000000000e+01
3.188775510204081698e+01
3.380102040816326792e+01
3.698979591836734926e+01
4.145408163265306456e+01
4.719387755102040671e+01
5.420918367346939704e+01
6.250000000000000000e+01
5.420918367346938282e+01
4.591836734693877276e+01
3.890306122448978954e+01
3.316326530612244738e+01
2.869897959183673208e+01
2.551020408163265074e+01
2.359693877551020336e+01
2.295918367346938638e+01
2.359693877551020336e+01
2.551020408163265429e+01
2.869897959183673564e+01
3.316326530612245449e+01
3.890306122448978954e+01
4.591836734693877986e+01
5.420918367346938282e+01
4.719387755102040671e+01
3.890306122448978954e+01
3.188775510204081343e+01
2.614795918367346772e+01
2.168367346938775242e+01
1.849489795918367108e+01
1.658163265306122369e+01
1.594387755102040671e+01
1.658163265306122369e+01
1.849489795918367463e+01
2.168367346938775597e+01
2.614795918367347127e+01
3.188775510204081343e+01
3.890306122448980375e+01
4.719387755102040671e+01
4.145408163265305745e+01
3.316326530612244738e+01
2.614795918367346772e+01
2.040816326530612201e+01
1.594387755102040671e+01
1.275510204081632537e+01
1.084183673469387799e+01
1.020408163265306101e+01
1.084183673469387799e+01
1.275510204081632715e+01
1.594387755102041027e+01
2.040816326530612912e+01
2.614795918367346772e+01
3.316326530612245449e+01
4.145408163265305745e+01
3.698979591836734926e+01
2.869897959183673208e+01
2.168367346938775242e+01
1.594387755102040671e+01
1.147959183673469319e+01
8.290816326530611846e+00
6.377551020408163573e+00
5.739795918367346594e+00
6.377551020408163573e+00
8.290816326530613622e+00
1.147959183673469497e+01
1.594387755102041382e+01
2.168367346938775242e+01
2.869897959183673919e+01
3.698979591836734926e+01
3.380102040816326792e+01
2.551020408163265074e+01
1.849489795918367108e+01
1.275510204081632537e+01
8.290816326530611846e+00
5.102040816326529615e+00
3.188775510204081343e+00
2.551020408163264808e+00
3.188775510204081343e+00
5.102040816326531392e+00
8.290816326530613622e+00
1.275510204081633070e+01
1.849489795918367108e+01
2.551020408163265785e+01
3.380102040816326792e+01
3.188775510204081698e+01
2.359693877551020336e+01
1.658163265306122369e+01
1.084183673469387799e+01
6.377551020408163573e+00
3.188775510204081343e+00
1.275510204081633292e+00
6.377551020408166460e-01
1.275510204081633292e+00
3.188775510204083119e+00
6.377551020408165350e+00
1.084183673469388332e+01
1.658163265306122369e+01
2.359693877551021046e+01
3.188775510204081698e+01
3.125000000000000000e+01
2.295918367346938638e+01
1.594387755102040671e+01
1.020408163265306101e+01
5.739795918367346594e+00
2.551020408163264808e+00
6.377551020408166460e-01
0.000000000000000000e+00
6.377551020408166460e-01
2.551020408163266584e+00
5.739795918367348371e+00
1.020408163265306634e+01
1.594387755102040671e+01
2.295918367346939348e+01
3.125000000000000000e+01
3.188775510204081698e+01
2.359693877551020336e+01
1.658163265306122369e+01
1.084183673469387799e+01
6.377551020408163573e+00
3.188775510204081343e+00
1.275510204081633292e+00
6.377551020408166460e-01
1.275510204081633292e+00
3.188775510204083119e+00
6.377551020408165350e+00
1.084183673469388332e+01
1.658163265306122369e+01
2.359693877551021046e+01
3.188775510204081698e+01
3.380102040816326792e+01
2.551020408163265429e+01
1.849489795918367463e+01
1.275510204081632715e+01
8.290816326530613622e+00
5.102040816326531392e+00
3.188775510204083119e+00
2.551020408163266584e+00
3.188775510204083119e+00
5.102040816326533168e+00
8.290816326530615399e+00
1.275510204081633248e+01
1.849489795918367463e+01
2.551020408163266140e+01
3.380102040816326792e+01
3.698979591836734926e+01
2.869897959183673564e+01
2.168367346938775597e+01
1.594387755102041027e+01
1.147959183673469497e+01
8.290816326530613622e+00
6.377551020408165350e+00
5.739795918367348371e+00
6.377551020408165350e+00
8.290816326530615399e+00
1.147959183673469674e+01
1.594387755102041382e+01
2.168367346938775597e+01
2.869897959183674274e+01
3.698979591836734926e+01
4.145408163265306456e+01
3.316326530612245449e+01
2.614795918367347127e+01
2.040816326530612912e+01
1.594387755102041382e+01
1.275510204081633070e+01
1.084183673469388332e+01
1.020408163265306634e+01
1.084183673469388332e+01
1.275510204081633248e+01
1.594387755102041382e+01
2.040816326530613267e+01
2.614795918367347127e+01
3.316326530612246160e+01
4.145408163265306456e+01
4.719387755102040671e+01
3.890306122448978954e+01
3.188775510204081343e+01
2.614795918367346772e+01
2.168367346938775242e+01
1.849489795918367108e+01
1.658163265306122369e+01
1.594387755102040671e+01
1.658163265306122369e+01
1.849489795918367463e+01
2.168367346938775597e+01
2.614795918367347127e+01
3.188775510204081343e+01
3.890306122448980375e+01
4.719387755102040671e+01
5.420918367346939704e+01
4.591836734693877986e+01
3.890306122448980375e+01
3.316326530612245449e+01
2.869897959183673919e+01
2.551020408163265785e+01
2.359693877551021046e+01
2.295918367346939348e+01
2.359693877551021046e+01
2.551020408163266140e+01
2.869897959183674274e+01
3.316326530612246160e+01
3.890306122448980375e+01
4.591836734693878697e+01
5.420918367346939704e+01
6.250000000000000000e+01
5.420918367346938282e+01
4.719387755102040671e+01
4.145408163265305745e+01
3.698979591836734926e+01
3.380102040816326792e+01
3.188775510204081698e+01
3.125000000000000000e+01
3.188775510204081698e+01
3.380102040816326792e+01
3.698979591836734926e+01
4.145408163265306456e+01
4.719387755102040671e+01
5.420918367346939704e+01
6.250000000000000000e+01
6.313775510204081343e+01
5.484693877551019625e+01
4.783163265306122014e+01
4.209183673469387088e+01
3.762755102040816269e+01
3.443877551020408134e+01
3.252551020408163396e+01
3.188775510204081698e+01
3.252551020408163396e+01
3.443877551020408134e+01
3.762755102040816269e+01
4.209183673469387799e+01
4.783163265306122014e+01
5.484693877551021046e+01
6.313775510204081343e+01
5.484693877551019625e+01
4.655612244897958618e+01
3.954081632653060296e+01
3.380102040816326081e+01
2.933673469387754906e+01
2.614795918367346772e+01
2.423469387755102034e+01
2.359693877551020336e+01
2.423469387755102034e+01
2.614795918367347127e+01
2.933673469387755262e+01
3.380102040816326792e+01
3.954081632653060296e+01
4.655612244897959329e+01
5.484693877551019625e+01
4.783163265306122014e+01
3.954081632653060296e+01
3.252551020408162685e+01
2.678571428571428470e+01
2.232142857142856940e+01
1.913265306122448806e+01
1.721938775510204067e+01
1.658163265306122369e+01
1.721938775510204067e+01
1.913265306122449161e+01
2.232142857142857295e+01
2.678571428571428825e+01
3.252551020408162685e+01
3.954081632653061718e+01
4.783163265306122014e+01
4.209183673469387088e+01
3.380102040816326081e+01
2.678571428571428470e+01
2.104591836734693899e+01
1.658163265306122369e+01
1.339285714285714235e+01
1.147959183673469497e+01
1.084183673469387799e+01
1.147959183673469497e+01
1.339285714285714413e+01
1.658163265306122724e+01
2.104591836734694610e+01
2.678571428571428470e+01
3.380102040816326792e+01
4.209183673469387088e+01
3.762755102040816269e+01
2.933673469387754906e+01
2.232142857142856940e+01
1.658163265306122369e+01
1.211734693877551017e+01
8.928571428571428825e+00
7.015306122448980553e+00
6.377551020408163573e+00
7.015306122448980553e+00
8.928571428571430602e+00
1.211734693877551194e+01
1.658163265306123080e+01
2.232142857142856940e+01
2.933673469387755617e+01
3.762755102040816269e+01
3.443877551020408134e+01
2.614795918367346772e+01
1.913265306122448806e+01
1.339285714285714235e+01
8.928571428571428825e+00
5.739795918367346594e+00
3.826530612244897878e+00
3.188775510204081343e+00
3.826530612244897878e+00
5.739795918367348371e+00
8.928571428571430602e+00
1.339285714285714768e+01
1.913265306122448806e+01
2.614795918367347483e+01
3.443877551020408134e+01
3.252551020408163396e+01
2.423469387755102034e+01
1.721938775510204067e+01
1.147959183673469497e+01
7.015306122448980553e+00
3.826530612244897878e+00
1.913265306122450049e+00
1.275510204081633292e+00
1.913265306122450049e+00
3.826530612244899654e+00
7.015306122448982329e+00
1.147959183673470029e+01
1.721938775510204067e+01
2.423469387755102744e+01
3.252551020408163396e+01
3.188775510204081698e+01
2.359693877551020336e+01
1.658163265306122369e+01
1.084183673469387799e+01
6.377551020408163573e+00
3.188775510204081343e+00
1.275510204081633292e+00
6.377551020408166460e-01
1.275510204081633292e+00
3.188775510204083119e+00
6.377551020408165350e+00
1.084183673469388332e+01
1.658163265306122369e+01
2.359693877551021046e+01
3.188775510204081698e+01
3.252551020408163396e+01
2.423469387755102034e+01
1.721938775510204067e+01
1.147959183673469497e+01
7.015306122448980553e+00
3.826530612244897878e+00
1.913265306122450049e+00
1.275510204081633292e+00
1.913265306122450049e+00
3.826530612244899654e+00
7.015306122448982329e+00
1.147959183673470029e+01
1.721938775510204067e+01
2.423469387755102744e+01
3.252551020408163396e+01
3.443877551020408134e+01
2.614795918367347127e+01
1.913265306122449161e+01
1.339285714285714413e+01
8.928571428571430602e+00
5.739795918367348371e+00
3.826530612244899654e+00
3.188775510204083119e+00
3.826530612244899654e+00
5.739795918367350147e+00
8.928571428571432378e+00
1.339285714285714946e+01
1.913265306122449161e+01
2.614795918367347838e+01
3.443877551020408134e+01
3.762755102040816269e+01
2.933673469387755262e+01
2.232142857142857295e+01
1.658163265306122724e+01
1.211734693877551194e+01
8.928571428571430602e+00
7.015306122448982329e+00
6.377551020408165350e+00
7.015306122448982329e+00
8.928571428571432378e+00
1.211734693877551372e+01
1.658163265306123080e+01
2.232142857142857295e+01
2.933673469387755972e+01
3.762755102040816269e+01
4.209183673469387799e+01
3.380102040816326792e+01
2.678571428571428825e+01
2.104591836734694610e+01
1.658163265306123080e+01
1.339285714285714768e+01
1.147959183673470029e+01
1.084183673469388332e+01
1.147959183673470029e+01
1.339285714285714946e+01
1.658163265306123080e+01
2.104591836734694965e+01
2.678571428571428825e+01
3.380102040816327502e+01
4.209183673469387799e+01
4.783163265306122014e+01
3.954081632653060296e+01
3.252551020408162685e+01
2.678571428571428470e+01
2.232142857142856940e+01
1.913265306122448806e+01
1.721938775510204067e+01
1.658163265306122369e+01
1.721938775510204067e+01
1.913265306122449161e+01
2.232142857142857295e+01
2.678571428571428825e+01
3.252551020408162685e+01
3.954081632653061718e+01
4.783163265306122014e+01
5.484693877551021046e+01
4.655612244897959329e+01
3.954081632653061718e+01
3.380102040816326792e+01
2.933673469387755617e+01
2.614795918367347483e+01
2.423469387755102744e+01
2.359693877551021046e+01
2.423469387755102744e+01
2.614795918367347838e+01
2.933673469387755972e+01
3.380102040816327502e+01
3.954081632653061718e+01
4.655612244897960039e+01
5.484693877551021046e+01
6.313775510204081343e+01
5.484693877551019625e+01
4.783163265306122014e+01
4.209183673469387088e+01
3.762755102040816269e+01
3.443877551020408134e+01
3.252551020408163396e+01
3.188775510204081698e+01
3.252551020408163396e+01
3.443877551020408134e+01
3.762755102040816269e+01
4.209183673469387799e+01
4.783163265306122014e+01
5.484693877551021046e+01
6.313775510204081343e+01
6.505102040816326792e+01
5.676020408163265074e+01
4.974489795918367463e+01
4.400510204081632537e+01
3.954081632653061718e+01
3.635204081632653583e+01
3.443877551020408134e+01
3.380102040816326792e+01
3.443877551020408134e+01
3.635204081632653583e+01
3.954081632653061718e+01
4.400510204081633248e+01
4.974489795918367463e+01
5.676020408163266495e+01
6.505102040816326792e+01
5.676020408163265074e+01
4.846938775510204067e+01
4.145408163265305745e+01
3.571428571428571530e+01
3.125000000000000000e+01
2.806122448979591866e+01
2.614795918367347127e+01
2.551020408163265429e+01
2.614795918367347127e+01
2.806122448979592221e+01
3.125000000000000355e+01
3.571428571428572241e+01
4.145408163265305745e+01
4.846938775510204778e+01
5.676020408163265074e+01
4.974489795918367463e+01
4.145408163265305745e+01
3.443877551020408134e+01
2.869897959183673564e+01
2.423469387755102034e+01
2.104591836734693899e+01
1.913265306122449161e+01
1.849489795918367463e+01
1.913265306122449161e+01
2.104591836734694255e+01
2.423469387755102389e+01
2.869897959183673919e+01
3.443877551020408134e+01
4.145408163265307167e+01
4.974489795918367463e+01
4.400510204081632537e+01
3.571428571428571530e+01
2.869897959183673564e+01
2.295918367346938993e+01
1.849489795918367463e+01
1.530612244897959151e+01
1.339285714285714413e+01
1.275510204081632715e+01
1.339285714285714413e+01
1.530612244897959329e+01
1.849489795918367818e+01
2.295918367346939704e+01
2.869897959183673564e+01
3.571428571428572241e+01
4.400510204081632537e+01
3.954081632653061718e+01
3.125000000000000000e+01
2.423469387755102034e+01
1.849489795918367463e+01
1.403061224489795933e+01
1.084183673469387799e+01
8.928571428571430602e+00
8.290816326530613622e+00
8.928571428571430602e+00
1.084183673469387976e+01
1.403061224489796111e+01
1.849489795918368173e+01
2.423469387755102034e+01
3.125000000000000711e+01
3.954081632653061718e+01
3.635204081632653583e+01
2.806122448979591866e+01
2.104591836734693899e+01
1.530612244897959151e+01
1.084183673469387799e+01
7.653061224489796643e+00
5.739795918367347483e+00
5.102040816326531392e+00
5.739795918367347483e+00
7.653061224489798420e+00
1.084183673469387976e+01
1.530612244897959684e+01
2.104591836734693899e+01
2.806122448979592576e+01
3.635204081632653583e+01
3.443877551020408134e+01
2.614795918367347127e+01
1.913265306122449161e+01
1.339285714285714413e+01
8.928571428571430602e+00
5.739795918367347483e+00
3.826530612244900098e+00
3.188775510204083119e+00
3.826530612244900098e+00
5.739795918367349259e+00
8.928571428571432378e+00
1.339285714285714946e+01
1.913265306122449161e+01
2.614795918367347838e+01
3.443877551020408134e+01
3.380102040816326792e+01
2.551020408163265429e+01
1.849489795918367463e+01
1.275510204081632715e+01
8.290816326530613622e+00
5.102040816326531392e+00
3.188775510204083119e+00
2.551020408163266584e+00
3.188775510204083119e+00
5.102040816326533168e+00
8.290816326530615399e+00
1.275510204081633248e+01
1.849489795918367463e+01
2.551020408163266140e+01
3.380102040816326792e+01
3.443877551020408134e+01
2.614795918367347127e+01
1.913265306122449161e+01
1.339285714285714413e+01
8.928571428571430602e+00
5.739795918367347483e+00
3.826530612244900098e+00
3.188775510204083119e+00
3.826530612244900098e+00
5.739795918367349259e+00
8.928571428571432378e+00
1.339285714285714946e+01
1.913265306122449161e+01
2.614795918367347838e+01
3.443877551020408134e+01
3.635204081632653583e+01
2.806122448979592221e+01
2.104591836734694255e+01
1.530612244897959329e+01
1.084183673469387976e+01
7.653061224489798420e+00
5.739795918367349259e+00
5.102040816326533168e+00
5.739795918367349259e+00
7.653061224489800196e+00
1.084183673469388154e+01
1.530612244897959862e+01
2.104591836734694255e+01
2.806122448979592932e+01
3.635204081632653583e+01
3.954081632653061718e+01
3.125000000000000355e+01
2.423469387755102389e+01
1.849489795918367818e+01
1.403061224489796111e+01
1.084183673469387976e+01
8.928571428571432378e+00
8.290816326530615399e+00
8.928571428571432378e+00
1.084183673469388154e+01
1.403061224489796288e+01
1.849489795918368173e+01
2.423469387755102389e+01
3.125000000000001066e+01
3.954081632653061718e+01
4.400510204081633248e+01
3.571428571428572241e+01
2.869897959183673919e+01
2.295918367346939704e+01
1.849489795918368173e+01
1.530612244897959684e+01
1.339285714285714946e+01
1.275510204081633248e+01
1.339285714285714946e+01
1.530612244897959862e+01
1.849489795918368173e+01
2.295918367346940059e+01
2.869897959183673919e+01
3.571428571428572951e+01
4.400510204081633248e+01
4.974489795918367463e+01
4.145408163265305745e+01
3.443877551020408134e+01
2.869897959183673564e+01
2.423469387755102034e+01
2.104591836734693899e+01
1.913265306122449161e+01
1.849489795918367463e+01
1.913265306122449161e+01
2.104591836734694255e+01
2.423469387755102389e+01
2.869897959183673919e+01
3.443877551020408134e+01
4.145408163265307167e+01
4.974489795918367463e+01
5.676020408163266495e+01
4.846938775510204778e+01
4.145408163265307167e+01
3.571428571428572241e+01
3.125000000000000711e+01
2.806122448979592576e+01
2.614795918367347838e+01
2.551020408163266140e+01
2.614795918367347838e+01
2.806122448979592932e+01
3.125000000000001066e+01
3.571428571428572951e+01
4.145408163265307167e+01
4.846938775510205488e+01
5.676020408163266495e+01
6.505102040816326792e+01
5.676020408163265074e+01
4.974489795918367463e+01
4.400510204081632537e+01
3.954081632653061718e+01
3.635204081632653583e+01
3.443877551020408134e+01
3.380102040816326792e+01
3.443877551020408134e+01
3.635204081632653583e+01
3.954081632653061718e+01
4.400510204081633248e+01
4.974489795918367463e+01
5.676020408163266495e+01
6.505102040816326792e+01
6.823979591836734926e+01
5.994897959183673208e+01
5.293367346938775597e+01
4.719387755102040671e+01
4.272959183673469852e+01
3.954081632653061718e+01
3.762755102040816269e+01
3.698979591836734926e+01
3.762755102040816269e+01
3.954081632653061718e+01
4.272959183673469852e+01
4.719387755102041382e+01
5.293367346938775597e+01
5.994897959183674629e+01
6.823979591836734926e+01
5.994897959183673208e+01
5.165816326530612201e+01
4.464285714285713880e+01
3.890306122448979664e+01
3.443877551020408134e+01
3.125000000000000000e+01
2.933673469387755262e+01
2.869897959183673564e+01
2.933673469387755262e+01
3.125000000000000355e+01
3.443877551020408134e+01
3.890306122448980375e+01
4.464285714285713880e+01
5.165816326530612912e+01
5.994897959183673208e+01
5.293367346938775597e+01
4.464285714285713880e+01
3.762755102040816269e+01
3.188775510204081698e+01
2.742346938775510168e+01
2.423469387755102034e+01
2.232142857142857295e+01
2.168367346938775597e+01
2.232142857142857295e+01
2.423469387755102389e+01
2.742346938775510523e+01
3.188775510204082053e+01
3.762755102040816269e+01
4.464285714285715301e+01
5.293367346938775597e+01
4.719387755102040671e+01
3.890306122448979664e+01
3.188775510204081698e+01
2.614795918367347127e+01
2.168367346938775597e+01
1.849489795918367463e+01
1.658163265306122724e+01
1.594387755102041027e+01
1.658163265306122724e+01
1.849489795918367463e+01
2.168367346938775952e+01
2.614795918367347838e+01
3.188775510204081698e+01
3.890306122448980375e+01
4.719387755102040671e+01
4.272959183673469852e+01
3.443877551020408134e+01
2.742346938775510168e+01
2.168367346938775597e+01
1.721938775510204067e+01
1.403061224489795933e+01
1.211734693877551194e+01
1.147959183673469497e+01
1.211734693877551194e+01
1.403061224489796288e+01
1.721938775510204422e+01
2.168367346938776308e+01
2.742346938775510168e+01
3.443877551020408845e+01
4.272959183673469852e+01
3.954081632653061718e+01
3.125000000000000000e+01
2.423469387755102034e+01
1.849489795918367463e+01
1.403061224489795933e+01
1.084183673469387799e+01
8.928571428571430602e+00
8.290816326530613622e+00
8.928571428571430602e+00
1.084183673469387976e+01
1.403061224489796288e+01
1.849489795918367818e+01
2.423469387755102034e+01
3.125000000000000711e+01
3.954081632653061718e+01
3.762755102040816269e+01
2.933673469387755262e+01
2.232142857142857295e+01
1.658163265306122724e+01
1.211734693877551194e+01
8.928571428571430602e+00
7.015306122448981441e+00
6.377551020408165350e+00
7.015306122448981441e+00
8.928571428571430602e+00
1.211734693877551372e+01
1.658163265306123080e+01
2.232142857142857295e+01
2.933673469387755972e+01
3.762755102040816269e+01
3.698979591836734926e+01
2.869897959183673564e+01
2.168367346938775597e+01
1.594387755102041027e+01
1.147959183673469497e+01
8.290816326530613622e+00
6.377551020408165350e+00
5.739795918367348371e+00
6.377551020408165350e+00
8.290816326530615399e+00
1.147959183673469674e+01
1.594387755102041382e+01
2.168367346938775597e+01
2.869897959183674274e+01
3.698979591836734926e+01
3.762755102040816269e+01
2.933673469387755262e+01
2.232142857142857295e+01
1.658163265306122724e+01
1.211734693877551194e+01
8.928571428571430602e+00
7.015306122448981441e+00
6.377551020408165350e+00
7.015306122448981441e+00
8.928571428571430602e+00
1.211734693877551372e+01
1.658163265306123080e+01
2.232142857142857295e+01
2.933673469387755972e+01
3.762755102040816269e+01
3.954081632653061718e+01
3.125000000000000355e+01
2.423469387755102389e+01
1.849489795918367463e+01
1.403061224489796288e+01
1.084183673469387976e+01
8.928571428571430602e+00
8.290816326530615399e+00
8.928571428571430602e+00
1.084183673469388154e+01
1.403061224489796288e+01
1.849489795918368173e+01
2.423469387755102389e+01
3.125000000000001066e+01
3.954081632653061718e+01
4.272959183673469852e+01
3.443877551020408134e+01
2.742346938775510523e+01
2.168367346938775952e+01
1.721938775510204422e+01
1.403061224489796288e+01
1.211734693877551372e+01
1.147959183673469674e+01
1.211734693877551372e+01
1.403061224489796288e+01
1.721938775510204422e+01
2.168367346938776308e+01
2.742346938775510523e+01
3.443877551020408845e+01
4.272959183673469852e+01
4.719387755102041382e+01
3.890306122448980375e+01
3.188775510204082053e+01
2.614795918367347838e+01
2.168367346938776308e+01
1.849489795918367818e+01
1.658163265306123080e+01
1.594387755102041382e+01
1.658163265306123080e+01
1.849489795918368173e+01
2.168367346938776308e+01
2.614795918367348193e+01
3.188775510204082053e+01
3.890306122448981085e+01
4.719387755102041382e+01
5.293367346938775597e+01
4.464285714285713880e+01
3.762755102040816269e+01
3.188775510204081698e+01
2.742346938775510168e+01
2.423469387755102034e+01
2.232142857142857295e+01
2.168367346938775597e+01
2.232142857142857295e+01
2.423469387755102389e+01
2.742346938775510523e+01
3.188775510204082053e+01
3.762755102040816269e+01
4.464285714285715301e+01
5.293367346938775597e+01
5.994897959183674629e+01
5.165816326530612912e+01
4.464285714285715301e+01
3.890306122448980375e+01
3.443877551020408845e+01
3.125000000000000711e+01
2.933673469387755972e+01
2.869897959183674274e+01
2.933673469387755972e+01
3.125000000000001066e+01
3.443877551020408845e+01
3.890306122448981085e+01
4.464285714285715301e+01
5.165816326530613622e+01
5.994897959183674629e+01
6.823979591836734926e+01
5.994897959183673208e+01
5.293367346938775597e+01
4.719387755102040671e+01
4.272959183673469852e+01
3.954081632653061718e+01
3.762755102040816269e+01
3.698979591836734926e+01
3.762755102040816269e+01
3.954081632653061718e+01
4.272959183673469852e+01
4.719387755102041382e+01
5.293367346938775597e+01
5.994897959183674629e+01
6.823979591836734926e+01
7.270408163265307167e+01
6.441326530612245449e+01
5.739795918367347127e+01
5.165816326530612201e+01
4.719387755102041382e+01
4.400510204081633248e+01
4.209183673469388509e+01
4.145408163265306456e+01
4.209183673469388509e+01
4.400510204081633248e+01
4.719387755102041382e+01
5.165816326530612912e+01
5.739795918367347127e+01
6.441326530612246870e+01
7.270408163265307167e+01
6.441326530612245449e+01
5.612244897959183731e+01
4.910714285714285410e+01
4.336734693877551194e+01
3.890306122448979664e+01
3.571428571428571530e+01
3.380102040816326792e+01
3.316326530612245449e+01
3.380102040816326792e+01
3.571428571428572241e+01
3.890306122448980375e+01
4.336734693877551905e+01
4.910714285714285410e+01
5.612244897959184442e+01
6.441326530612245449e+01
5.739795918367347127e+01
4.910714285714285410e+01
4.209183673469387799e+01
3.635204081632653583e+01
3.188775510204082053e+01
2.869897959183673919e+01
2.678571428571429180e+01
2.614795918367347127e+01
2.678571428571429180e+01
2.869897959183673919e+01
3.188775510204082053e+01
3.635204081632653583e+01
4.209183673469387799e+01
4.910714285714286831e+01
5.739795918367347127e+01
5.165816326530612201e+01
4.336734693877551194e+01
3.635204081632653583e+01
3.061224489795918657e+01
2.614795918367347127e+01
2.295918367346938993e+01
2.104591836734694255e+01
2.040816326530612912e+01
2.104591836734694255e+01
2.295918367346939348e+01
2.614795918367347838e+01
3.061224489795919368e+01
3.635204081632653583e+01
4.336734693877551905e+01
5.165816326530612201e+01
4.719387755102041382e+01
3.890306122448979664e+01
3.188775510204082053e+01
2.614795918367347127e+01
2.168367346938775952e+01
1.849489795918367818e+01
1.658163265306123080e+01
1.594387755102041382e+01
1.658163265306123080e+01
1.849489795918368173e+01
2.168367346938776308e+01
2.614795918367347838e+01
3.188775510204082053e+01
3.890306122448980375e+01
4.719387755102041382e+01
4.400510204081633248e+01
3.571428571428571530e+01
2.869897959183673919e+01
2.295918367346938993e+01
1.849489795918367818e+01
1.530612244897959684e+01
1.339285714285714768e+01
1.275510204081633070e+01
1.339285714285714768e+01
1.530612244897959684e+01
1.849489795918368173e+01
2.295918367346939704e+01
2.869897959183673919e+01
3.571428571428572241e+01
4.400510204081633248e+01
4.209183673469388509e+01
3.380102040816326792e+01
2.678571428571429180e+01
2.104591836734694255e+01
1.658163265306123080e+01
1.339285714285714768e+01
1.147959183673470029e+01
1.084183673469388332e+01
1.147959183673470029e+01
1.339285714285714946e+01
1.658163265306123080e+01
2.104591836734694965e+01
2.678571428571429180e+01
3.380102040816327502e+01
4.209183673469388509e+01
4.145408163265306456e+01
3.316326530612245449e+01
2.614795918367347127e+01
2.040816326530612912e+01
1.594387755102041382e+01
1.275510204081633070e+01
1.084183673469388332e+01
1.020408163265306634e+01
1.084183673469388332e+01
1.275510204081633248e+01
1.594387755102041382e+01
2.040816326530613267e+01
2.614795918367347127e+01
3.316326530612246160e+01
4.145408163265306456e+01
4.209183673469388509e+01
3.380102040816326792e+01
2.678571428571429180e+01
2.104591836734694255e+01
1.658163265306123080e+01
1.339285714285714768e+01
1.147959183673470029e+01
1.084183673469388332e+01
1.147959183673470029e+01
1.339285714285714946e+01
1.658163265306123080e+01
2.104591836734694965e+01
2.678571428571429180e+01
3.380102040816327502e+01
4.209183673469388509e+01
4.400510204081633248e+01
3.571428571428572241e+01
2.869897959183673919e+01
2.295918367346939348e+01
1.849489795918368173e+01
1.530612244897959684e+01
1.339285714285714946e+01
1.275510204081633248e+01
1.339285714285714946e+01
1.530612244897960039e+01
1.849489795918368173e+01
2.295918367346939704e+01
2.869897959183673919e+01
3.571428571428572951e+01
4.400510204081633248e+01
4.719387755102041382e+01
3.890306122448980375e+01
3.188775510204082053e+01
2.614795918367347838e+01
2.168367346938776308e+01
1.849489795918368173e+01
1.658163265306123080e+01
1.594387755102041382e+01
1.658163265306123080e+01
1.849489795918368173e+01
2.168367346938776308e+01
2.614795918367347838e+01
3.188775510204082053e+01
3.890306122448981085e+01
4.719387755102041382e+01
5.165816326530612912e+01
4.336734693877551905e+01
3.635204081632653583e+01
3.061224489795919368e+01
2.614795918367347838e+01
2.295918367346939704e+01
2.104591836734694965e+01
2.040816326530613267e+01
2.104591836734694965e+01
2.295918367346939704e+01
2.614795918367347838e+01
3.061224489795920078e+01
3.635204081632653583e+01
4.336734693877552616e+01
5.165816326530612912e+01
5.739795918367347127e+01
4.910714285714285410e+01
4.209183673469387799e+01
3.635204081632653583e+01
3.188775510204082053e+01
2.869897959183673919e+01
2.678571428571429180e+01
2.614795918367347127e+01
2.678571428571429180e+01
2.869897959183673919e+01
3.188775510204082053e+01
3.635204081632653583e+01
4.209183673469387799e+01
4.910714285714286831e+01
5.739795918367347127e+01
6.441326530612246870e+01
5.612244897959184442e+01
4.910714285714286831e+01
4.336734693877551905e+01
3.890306122448980375e+01
3.571428571428572241e+01
3.380102040816327502e+01
3.316326530612246160e+01
3.380102040816327502e+01
3.571428571428572951e+01
3.890306122448981085e+01
4.336734693877552616e+01
4.910714285714286831e+01
5.612244897959185153e+01
6.441326530612246870e+01
7.270408163265307167e+01
6.441326530612245449e+01
5.739795918367347127e+01
5.165816326530612201e+01
4.719387755102041382e+01
4.400510204081633248e+01
4.209183673469388509e+01
4.145408163265306456e+01
4.209183673469388509e+01
4.400510204081633248e+01
4.719387755102041382e+01
5.165816326530612912e+01
5.739795918367347127e+01
6.441326530612246870e+01
7.270408163265307167e+01
7.844387755102040671e+01
7.015306122448978954e+01
6.313775510204081343e+01
5.739795918367346417e+01
5.293367346938775597e+01
4.974489795918367463e+01
4.783163265306122014e+01
4.719387755102040671e+01
4.783163265306122014e+01
4.974489795918367463e+01
5.293367346938775597e+01
5.739795918367347127e+01
6.313775510204081343e+01
7.015306122448980375e+01
7.844387755102040671e+01
7.015306122448978954e+01
6.186224489795917947e+01
5.484693877551019625e+01
4.910714285714285410e+01
4.464285714285713880e+01
4.145408163265305745e+01
3.954081632653061007e+01
3.890306122448978954e+01
3.954081632653061007e+01
4.145408163265305745e+01
4.464285714285713880e+01
4.910714285714286120e+01
5.484693877551019625e+01
6.186224489795918657e+01
7.015306122448978954e+01
6.313775510204081343e+01
5.484693877551019625e+01
4.783163265306122014e+01
4.209183673469387088e+01
3.762755102040816269e+01
3.443877551020408134e+01
3.252551020408162685e+01
3.188775510204081343e+01
3.252551020408162685e+01
3.443877551020408134e+01
3.762755102040816269e+01
4.209183673469387799e+01
4.783163265306122014e+01
5.484693877551021046e+01
6.313775510204081343e+01
5.739795918367346417e+01
4.910714285714285410e+01
4.209183673469387088e+01
3.635204081632652873e+01
3.188775510204081343e+01
2.869897959183673208e+01
2.678571428571428470e+01
2.614795918367346772e+01
2.678571428571428470e+01
2.869897959183673208e+01
3.188775510204081698e+01
3.635204081632653583e+01
4.209183673469387088e+01
4.910714285714286120e+01
5.739795918367346417e+01
5.293367346938775597e+01
4.464285714285713880e+01
3.762755102040816269e+01
3.188775510204081343e+01
2.742346938775509813e+01
2.423469387755101678e+01
2.232142857142856940e+01
2.168367346938775242e+01
2.232142857142856940e+01
2.423469387755102034e+01
2.742346938775510168e+01
3.188775510204082053e+01
3.762755102040816269e+01
4.464285714285714590e+01
5.293367346938775597e+01
4.974489795918367463e+01
4.145408163265305745e+01
3.443877551020408134e+01
2.869897959183673208e+01
2.423469387755101678e+01
2.104591836734693544e+01
1.913265306122448806e+01
1.849489795918367108e+01
1.913265306122448806e+01
2.104591836734693899e+01
2.423469387755102034e+01
2.869897959183673919e+01
3.443877551020408134e+01
4.145408163265306456e+01
4.974489795918367463e+01
4.783163265306122014e+01
3.954081632653061007e+01
3.252551020408162685e+01
2.678571428571428470e+01
2.232142857142856940e+01
1.913265306122448806e+01
1.721938775510204067e+01
1.658163265306122369e+01
1.721938775510204067e+01
1.913265306122448806e+01
2.232142857142857295e+01
2.678571428571429180e+01
3.252551020408162685e+01
3.954081632653061718e+01
4.783163265306122014e+01
4.719387755102040671e+01
3.890306122448978954e+01
3.188775510204081343e+01
2.614795918367346772e+01
2.168367346938775242e+01
1.849489795918367108e+01
1.658163265306122369e+01
1.594387755102040671e+01
1.658163265306122369e+01
1.849489795918367463e+01
2.168367346938775597e+01
2.614795918367347127e+01
3.188775510204081343e+01
3.890306122448980375e+01
4.719387755102040671e+01
4.783163265306122014e+01
3.954081632653061007e+01
3.252551020408162685e+01
2.678571428571428470e+01
2.232142857142856940e+01
1.913265306122448806e+01
1.721938775510204067e+01
1.658163265306122369e+01
1.721938775510204067e+01
1.913265306122448806e+01
2.232142857142857295e+01
2.678571428571429180e+01
3.252551020408162685e+01
3.954081632653061718e+01
4.783163265306122014e+01
4.974489795918367463e+01
4.145408163265305745e+01
3.443877551020408134e+01
2.869897959183673208e+01
2.423469387755102034e+01
2.104591836734693899e+01
1.913265306122448806e+01
1.849489795918367463e+01
1.913265306122448806e+01
2.104591836734693899e+01
2.423469387755102389e+01
2.869897959183673919e+01
3.443877551020408134e+01
4.145408163265307167e+01
4.974489795918367463e+01
5.293367346938775597e+01
4.464285714285713880e+01
3.762755102040816269e+01
3.188775510204081698e+01
2.742346938775510168e+01
2.423469387755102034e+01
2.232142857142857295e+01
2.168367346938775597e+01
2.232142857142857295e+01
2.423469387755102389e+01
2.742346938775510523e+01
3.188775510204082053e+01
3.762755102040816269e+01
4.464285714285715301e+01
5.293367346938775597e+01
5.739795918367347127e+01
4.910714285714286120e+01
4.209183673469387799e+01
3.635204081632653583e+01
3.188775510204082053e+01
2.869897959183673919e+01
2.678571428571429180e+01
2.614795918367347127e+01
2.678571428571429180e+01
2.869897959183673919e+01
3.188775510204082053e+01
3.635204081632653583e+01
4.209183673469387799e+01
4.910714285714286831e+01
5.739795918367347127e+01
6.313775510204081343e+01
5.484693877551019625e+01
4.783163265306122014e+01
4.209183673469387088e+01
3.762755102040816269e+01
3.443877551020408134e+01
3.252551020408162685e+01
3.188775510204081343e+01
3.252551020408162685e+01
3.443877551020408134e+01
3.762755102040816269e+01
4.209183673469387799e+01
4.783163265306122014e+01
5.484693877551021046e+01
6.313775510204081343e+01
7.015306122448980375e+01
6.186224489795918657e+01
5.484693877551021046e+01
4.910714285714286120e+01
4.464285714285714590e+01
4.145408163265306456e+01
3.954081632653061718e+01
3.890306122448980375e+01
3.954081632653061718e+01
4.145408163265307167e+01
4.464285714285715301e+01
4.910714285714286831e+01
5.484693877551021046e+01
6.186224489795919368e+01
7.015306122448980375e+01
7.844387755102040671e+01
7.015306122448978954e+01
6.313775510204081343e+01
5.739795918367346417e+01
5.293367346938775597e+01
4.974489795918367463e+01
4.783163265306122014e+01
4.719387755102040671e+01
4.783163265306122014e+01
4.974489795918367463e+01
5.293367346938775597e+01
5.739795918367347127e+01
6.313775510204081343e+01
7.015306122448980375e+01
7.844387755102040671e+01
8.545918367346939704e+01
7.716836734693877986e+01
7.015306122448980375e+01
6.441326530612245449e+01
5.994897959183674629e+01
5.676020408163266495e+01
5.484693877551021046e+01
5.420918367346939704e+01
5.484693877551021046e+01
5.676020408163266495e+01
5.994897959183674629e+01
6.441326530612245449e+01
7.015306122448980375e+01
7.716836734693879407e+01
8.545918367346939704e+01
7.716836734693877986e+01
6.887755102040816269e+01
6.186224489795918657e+01
5.612244897959183731e+01
5.165816326530612912e+01
4.846938775510204778e+01
4.655612244897959329e+01
4.591836734693877986e+01
4.655612244897959329e+01
4.846938775510204778e+01
5.165816326530612912e+01
5.612244897959185153e+01
6.186224489795918657e+01
6.887755102040817690e+01
7.716836734693877986e+01
7.015306122448980375e+01
6.186224489795918657e+01
5.484693877551021046e+01
4.910714285714286120e+01
4.464285714285714590e+01
4.145408163265306456e+01
3.954081632653061718e+01
3.890306122448980375e+01
3.954081632653061718e+01
4.145408163265307167e+01
4.464285714285715301e+01
4.910714285714286120e+01
5.484693877551021046e+01
6.186224489795920078e+01
7.015306122448980375e+01
6.441326530612245449e+01
5.612244897959183731e+01
4.910714285714286120e+01
4.336734693877551194e+01
3.890306122448980375e+01
3.571428571428572241e+01
3.380102040816326792e+01
3.316326530612245449e+01
3.380102040816326792e+01
3.571428571428572241e+01
3.890306122448980375e+01
4.336734693877552616e+01
4.910714285714286120e+01
5.612244897959185153e+01
6.441326530612245449e+01
5.994897959183674629e+01
5.165816326530612912e+01
4.464285714285714590e+01
3.890306122448980375e+01
3.443877551020408845e+01
3.125000000000000711e+01
2.933673469387755617e+01
2.869897959183673919e+01
2.933673469387755617e+01
3.125000000000000711e+01
3.443877551020408845e+01
3.890306122448980375e+01
4.464285714285714590e+01
5.165816326530612912e+01
5.994897959183674629e+01
5.676020408163266495e+01
4.846938775510204778e+01
4.145408163265306456e+01
3.571428571428572241e+01
3.125000000000000711e+01
2.806122448979592221e+01
2.614795918367347483e+01
2.551020408163265785e+01
2.614795918367347483e+01
2.806122448979592576e+01
3.125000000000000711e+01
3.571428571428572241e+01
4.145408163265306456e+01
4.846938775510204778e+01
5.676020408163266495e+01
5.484693877551021046e+01
4.655612244897959329e+01
3.954081632653061718e+01
3.380102040816326792e+01
2.933673469387755617e+01
2.614795918367347483e+01
2.423469387755102744e+01
2.359693877551021046e+01
2.423469387755102744e+01
2.614795918367347838e+01
2.933673469387755972e+01
3.380102040816327502e+01
3.954081632653061718e+01
4.655612244897960750e+01
5.484693877551021046e+01
5.420918367346939704e+01
4.591836734693877986e+01
3.890306122448980375e+01
3.316326530612245449e+01
2.869897959183673919e+01
2.551020408163265785e+01
2.359693877551021046e+01
2.295918367346939348e+01
2.359693877551021046e+01
2.551020408163266140e+01
2.869897959183674274e+01
3.316326530612246160e+01
3.890306122448980375e+01
4.591836734693878697e+01
5.420918367346939704e+01
5.484693877551021046e+01
4.655612244897959329e+01
3.954081632653061718e+01
3.380102040816326792e+01
2.933673469387755617e+01
2.614795918367347483e+01
2.423469387755102744e+01
2.359693877551021046e+01
2.423469387755102744e+01
2.614795918367347838e+01
2.933673469387755972e+01
3.380102040816327502e+01
3.954081632653061718e+01
4.655612244897960750e+01
5.484693877551021046e+01
5.676020408163266495e+01
4.846938775510204778e+01
4.145408163265307167e+01
3.571428571428572241e+01
3.125000000000000711e+01
2.806122448979592576e+01
2.614795918367347838e+01
2.551020408163266140e+01
2.614795918367347838e+01
2.806122448979592576e+01
3.125000000000000711e+01
3.571428571428572241e+01
4.145408163265307167e+01
4.846938775510205488e+01
5.676020408163266495e+01
5.994897959183674629e+01
5.165816326530612912e+01
4.464285714285715301e+01
3.890306122448980375e+01
3.443877551020408845e+01
3.125000000000000711e+01
2.933673469387755972e+01
2.869897959183674274e+01
2.933673469387755972e+01
3.125000000000000711e+01
3.443877551020408845e+01
3.890306122448980375e+01
4.464285714285715301e+01
5.165816326530613622e+01
5.994897959183674629e+01
6.441326530612245449e+01
5.612244897959185153e+01
4.910714285714286120e+01
4.336734693877552616e+01
3.890306122448980375e+01
3.571428571428572241e+01
3.380102040816327502e+01
3.316326530612246160e+01
3.380102040816327502e+01
3.571428571428572241e+01
3.890306122448980375e+01
4.336734693877552616e+01
4.910714285714286120e+01
5.612244897959185153e+01
6.441326530612245449e+01
7.015306122448980375e+01
6.186224489795918657e+01
5.484693877551021046e+01
4.910714285714286120e+01
4.464285714285714590e+01
4.145408163265306456e+01
3.954081632653061718e+01
3.890306122448980375e+01
3.954081632653061718e+01
4.145408163265307167e+01
4.464285714285715301e+01
4.910714285714286120e+01
5.484693877551021046e+01
6.186224489795920078e+01
7.015306122448980375e+01
7.716836734693879407e+01
6.887755102040817690e+01
6.186224489795920078e+01
5.612244897959185153e+01
5.165816326530612912e+01
4.846938775510204778e+01
4.655612244897960750e+01
4.591836734693878697e+01
4.655612244897960750e+01
4.846938775510205488e+01
5.165816326530613622e+01
5.612244897959185153e+01
6.186224489795920078e+01
6.887755102040817690e+01
7.716836734693879407e+01
8.545918367346939704e+01
7.716836734693877986e+01
7.015306122448980375e+01
6.441326530612245449e+01
5.994897959183674629e+01
5.676020408163266495e+01
5.484693877551021046e+01
5.420918367346939704e+01
5.484693877551021046e+01
5.676020408163266495e+01
5.994897959183674629e+01
6.441326530612245449e+01
7.015306122448980375e+01
7.716836734693879407e+01
8.545918367346939704e+01
9.375000000000000000e+01
8.545918367346938282e+01
7.844387755102040671e+01
7.270408163265305745e+01
6.823979591836734926e+01
6.505102040816326792e+01
6.313775510204081343e+01
6.250000000000000000e+01
6.313775510204081343e+01
6.505102040816326792e+01
6.823979591836734926e+01
7.270408163265307167e+01
7.844387755102040671e+01
8.545918367346939704e+01
9.375000000000000000e+01
8.545918367346938282e+01
7.716836734693876565e+01
7.015306122448978954e+01
6.441326530612244028e+01
5.994897959183673208e+01
5.676020408163265074e+01
5.484693877551020336e+01
5.420918367346938282e+01
5.484693877551020336e+01
5.676020408163265074e+01
5.994897959183673208e+01
6.441326530612245449e+01
7.015306122448978954e+01
7.716836734693877986e+01
8.545918367346938282e+01
7.844387755102040671e+01
7.015306122448978954e+01
6.313775510204081343e+01
5.739795918367346417e+01
5.293367346938775597e+01
4.974489795918367463e+01
4.783163265306122014e+01
4.719387755102040671e+01
4.783163265306122014e+01
4.974489795918367463e+01
5.293367346938775597e+01
5.739795918367347127e+01
6.313775510204081343e+01
7.015306122448980375e+01
7.844387755102040671e+01
7.270408163265305745e+01
6.441326530612244028e+01
5.739795918367346417e+01
5.165816326530612201e+01
4.719387755102040671e+01
4.400510204081632537e+01
4.209183673469387799e+01
4.145408163265305745e+01
4.209183673469387799e+01
4.400510204081632537e+01
4.719387755102040671e+01
5.165816326530612912e+01
5.739795918367346417e+01
6.441326530612245449e+01
7.270408163265305745e+01
6.823979591836734926e+01
5.994897959183673208e+01
5.293367346938775597e+01
4.719387755102040671e+01
4.272959183673469141e+01
3.954081632653061007e+01
3.762755102040816269e+01
3.698979591836734926e+01
3.762755102040816269e+01
3.954081632653061718e+01
4.272959183673469852e+01
4.719387755102041382e+01
5.293367346938775597e+01
5.994897959183673919e+01
6.823979591836734926e+01
6.505102040816326792e+01
5.676020408163265074e+01
4.974489795918367463e+01
4.400510204081632537e+01
3.954081632653061007e+01
3.635204081632652873e+01
3.443877551020408134e+01
3.380102040816326792e+01
3.443877551020408134e+01
3.635204081632652873e+01
3.954081632653061718e+01
4.400510204081633248e+01
4.974489795918367463e+01
5.676020408163265785e+01
6.505102040816326792e+01
6.313775510204081343e+01
5.484693877551020336e+01
4.783163265306122014e+01
4.209183673469387799e+01
3.762755102040816269e+01
3.443877551020408134e+01
3.252551020408163396e+01
3.188775510204081698e+01
3.252551020408163396e+01
3.443877551020408134e+01
3.762755102040816269e+01
4.209183673469388509e+01
4.783163265306122014e+01
5.484693877551021046e+01
6.313775510204081343e+01
6.250000000000000000e+01
5.420918367346938282e+01
4.719387755102040671e+01
4.145408163265305745e+01
3.698979591836734926e+01
3.380102040816326792e+01
3.188775510204081698e+01
3.125000000000000000e+01
3.188775510204081698e+01
3.380102040816326792e+01
3.698979591836734926e+01
4.145408163265306456e+01
4.719387755102040671e+01
5.420918367346939704e+01
6.250000000000000000e+01
6.313775510204081343e+01
5.484693877551020336e+01
4.783163265306122014e+01
4.209183673469387799e+01
3.762755102040816269e+01
3.443877551020408134e+01
3.252551020408163396e+01
3.188775510204081698e+01
3.252551020408163396e+01
3.443877551020408134e+01
3.762755102040816269e+01
4.209183673469388509e+01
4.783163265306122014e+01
5.484693877551021046e+01
6.313775510204081343e+01
6.505102040816326792e+01
5.676020408163265074e+01
4.974489795918367463e+01
4.400510204081632537e+01
3.954081632653061718e+01
3.635204081632652873e+01
3.443877551020408134e+01
3.380102040816326792e+01
3.443877551020408134e+01
3.635204081632653583e+01
3.954081632653061718e+01
4.400510204081633248e+01
4.974489795918367463e+01
5.676020408163266495e+01
6.505102040816326792e+01
6.823979591836734926e+01
5.994897959183673208e+01
5.293367346938775597e+01
4.719387755102040671e+01
4.272959183673469852e+01
3.954081632653061718e+01
3.762755102040816269e+01
3.698979591836734926e+01
3.762755102040816269e+01
3.954081632653061718e+01
4.272959183673469852e+01
4.719387755102041382e+01
5.293367346938775597e+01
5.994897959183674629e+01
6.823979591836734926e+01
7.270408163265307167e+01
6.441326530612245449e+01
5.739795918367347127e+01
5.165816326530612912e+01
4.719387755102041382e+01
4.400510204081633248e+01
4.209183673469388509e+01
4.145408163265306456e+01
4.209183673469388509e+01
4.400510204081633248e+01
4.719387755102041382e+01
5.165816326530612912e+01
5.739795918367347127e+01
6.441326530612246870e+01
7.270408163265307167e+01
7.844387755102040671e+01
7.015306122448978954e+01
6.313775510204081343e+01
5.739795918367346417e+01
5.293367346938775597e+01
4.974489795918367463e+01
4.783163265306122014e+01
4.719387755102040671e+01
4.783163265306122014e+01
4.974489795918367463e+01
5.293367346938775597e+01
5.739795918367347127e+01
6.313775510204081343e+01
7.015306122448980375e+01
7.844387755102040671e+01
8.545918367346939704e+01
7.716836734693877986e+01
7.015306122448980375e+01
6.441326530612245449e+01
5.994897959183673919e+01
5.676020408163265785e+01
5.484693877551021046e+01
5.420918367346939704e+01
5.484693877551021046e+01
5.676020408163266495e+01
5.994897959183674629e+01
6.441326530612246870e+01
7.015306122448980375e+01
7.716836734693879407e+01
8.545918367346939704e+01
9.375000000000000000e+01
8.545918367346938282e+01
7.844387755102040671e+01
7.270408163265305745e+01
6.823979591836734926e+01
6.505102040816326792e+01
6.313775510204081343e+01
6.250000000000000000e+01
6.313775510204081343e+01
6.505102040816326792e+01
6.823979591836734926e+01
7.270408163265307167e+01
7.844387755102040671e+01
8.545918367346939704e+01
9.375000000000000000e+01
