# 3375
3.750000000000000000e+01
3.418367346938775597e+01
3.137755102040816269e+01
2.908163265306122369e+01
2.729591836734693899e+01
2.602040816326530503e+01
2.525510204081632537e+01
2.500000000000000000e+01
2.525510204081632537e+01
2.602040816326530859e+01
2.729591836734693899e+01
2.908163265306122724e+01
3.137755102040816269e+01
3.418367346938775597e+01
3.750000000000000000e+01
3.418367346938775597e+01
3.086734693877550839e+01
2.806122448979591866e+01
2.576530612244897966e+01
2.397959183673469141e+01
2.270408163265306101e+01
2.193877551020408134e+01
2.168367346938775597e+01
2.193877551020408134e+01
2.270408163265306101e+01
2.397959183673469141e+01
2.576530612244897966e+01
2.806122448979591866e+01
3.086734693877551194e+01
3.418367346938775597e+01
3.137755102040816269e+01
2.806122448979591866e+01
2.525510204081632537e+01
2.295918367346938638e+01
2.117346938775510168e+01
1.989795918367346772e+01
1.913265306122448806e+01
1.887755102040816269e+01
1.913265306122448806e+01
1.989795918367347127e+01
2.117346938775510168e+01
2.295918367346938993e+01
2.525510204081632537e+01
2.806122448979591866e+01
3.137755102040816269e+01
2.908163265306122369e+01
2.576530612244897966e+01
2.295918367346938638e+01
2.066326530612244738e+01
1.887755102040816269e+01
1.760204081632652873e+01
1.683673469387755262e+01
1.658163265306122369e+01
1.683673469387755262e+01
1.760204081632653228e+01
1.887755102040816269e+01
2.066326530612245094e+01
2.295918367346938638e+01
2.576530612244898322e+01
2.908163265306122369e+01
2.729591836734693899e+01
2.397959183673469141e+01
2.117346938775510168e+01
1.887755102040816269e+01
1.709183673469387799e+01
1.581632653061224403e+01
1.505102040816326436e+01
1.479591836734693899e+01
1.505102040816326436e+01
1.581632653061224403e+01
1.709183673469387799e+01
1.887755102040816269e+01
2.117346938775510168e+01
2.397959183673469852e+01
2.729591836734693899e+01
2.602040816326530503e+01
2.270408163265306101e+01
1.989795918367346772e+01
1.760204081632652873e+01
1.581632653061224403e+01
1.454081632653061185e+01
1.377551020408163218e+01
1.352040816326530503e+01
1.377551020408163218e+01
1.454081632653061362e+01
1.581632653061224580e+01
1.760204081632653228e+01
1.989795918367346772e+01
2.270408163265306456e+01
2.602040816326530503e+01
2.525510204081632537e+01
2.193877551020408134e+01
1.913265306122448806e+01
1.683673469387755262e+01
1.505102040816326436e+01
1.377551020408163218e+01
1.301020408163265252e+01
1.275510204081632715e+01
1.301020408163265252e+01
1.377551020408163396e+01
1.505102040816326614e+01
1.683673469387755262e+01
1.913265306122448806e+01
2.193877551020408490e+01
2.525510204081632537e+01
2.500000000000000000e+01
2.168367346938775597e+01
1.887755102040816269e+01
1.658163265306122369e+01
1.479591836734693899e+01
1.352040816326530503e+01
1.275510204081632715e+01
1.250000000000000000e+01
1.275510204081632715e+01
1.352040816326530681e+01
1.479591836734693899e+01
1.658163265306122724e+01
1.887755102040816269e+01
2.168367346938775597e+01
2.500000000000000000e+01
2.525510204081632537e+01
2.193877551020408134e+01
1.913265306122448806e+01
1.683673469387755262e+01
1.505102040816326436e+01
1.377551020408163218e+01
1.301020408163265252e+01
1.275510204081632715e+01
1.301020408163265252e+01
1.377551020408163396e+01
1.505102040816326614e+01
1.683673469387755262e+01
1.913265306122448806e+01
2.193877551020408490e+01
2.525510204081632537e+01
2.602040816326530859e+01
2.270408163265306101e+01
1.989795918367347127e+01
1.760204081632653228e+01
1.581632653061224403e+01
1.454081632653061362e+01
1.377551020408163396e+01
1.352040816326530681e+01
1.377551020408163396e+01
1.454081632653061362e+01
1.581632653061224580e+01
1.760204081632653228e+01
1.989795918367347127e+01
2.270408163265306456e+01
2.602040816326530859e+01
2.729591836734693899e+01
2.397959183673469141e+01
2.117346938775510168e+01
1.887755102040816269e+01
1.709183673469387799e+01
1.581632653061224580e+01
1.505102040816326614e+01
1.479591836734693899e+01
1.505102040816326614e+01
1.581632653061224580e+01
1.709183673469387799e+01
1.887755102040816624e+01
2.117346938775510168e+01
2.397959183673469852e+01
2.729591836734693899e+01
2.908163265306122724e+01
2.576530612244897966e+01
2.295918367346938993e+01
2.066326530612245094e+01
1.887755102040816269e+01
1.760204081632653228e+01
1.683673469387755262e+01
1.658163265306122724e+01
1.683673469387755262e+01
1.760204081632653228e+01
1.887755102040816624e+01
2.066326530612245449e+01
2.295918367346938993e+01
2.576530612244898322e+01
2.908163265306122724e+01
3.137755102040816269e+01
2.806122448979591866e+01
2.525510204081632537e+01
2.295918367346938638e+01
2.117346938775510168e+01
1.989795918367346772e+01
1.913265306122448806e+01
1.887755102040816269e+01
1.913265306122448806e+01
1.989795918367347127e+01
2.117346938775510168e+01
2.295918367346938993e+01
2.525510204081632537e+01
2.806122448979591866e+01
3.137755102040816269e+01
3.418367346938775597e+01
3.086734693877551194e+01
2.806122448979591866e+01
2.576530612244898322e+01
2.397959183673469852e+01
2.270408163265306456e+01
2.193877551020408490e+01
2.168367346938775597e+01
2.193877551020408490e+01
2.270408163265306456e+01
2.397959183673469852e+01
2.576530612244898322e+01
2.806122448979591866e+01
3.086734693877551550e+01
3.418367346938775597e+01
3.750000000000000000e+01
3.418367346938775597e+01
3.137755102040816269e+01
2.908163265306122369e+01
2.729591836734693899e+01
2.602040816326530503e+01
2.525510204081632537e+01
2.500000000000000000e+01
2.525510204081632537e+01
2.602040816326530859e+01
2.729591836734693899e+01
2.908163265306122724e+01
3.137755102040816269e+01
3.418367346938775597e+01
3.750000000000000000e+01
3.418367346938775597e+01
3.086734693877551194e+01
2.806122448979591866e+01
2.576530612244897611e+01
2.397959183673469141e+01
2.270408163265305745e+01
2.193877551020408134e+01
2.168367346938775597e+01
2.193877551020408134e+01
2.270408163265306101e+01
2.397959183673469141e+01
2.576530612244898322e+01
2.806122448979591866e+01
3.086734693877551194e+01
3.418367346938775597e+01
3.086734693877551194e+01
2.755102040816326081e+01
2.474489795918367108e+01
2.244897959183673208e+01
2.066326530612244738e+01
1.938775510204081343e+01
1.862244897959183731e+01
1.836734693877550839e+01
1.862244897959183731e+01
1.938775510204081343e+01
2.066326530612244738e+01
2.244897959183673208e+01
2.474489795918367108e+01
2.755102040816326792e+01
3.086734693877551194e+01
2.806122448979591866e+01
2.474489795918367108e+01
2.193877551020408134e+01
1.964285714285713880e+01
1.785714285714285410e+01
1.658163265306122369e+01
1.581632653061224403e+01
1.556122448979591688e+01
1.581632653061224403e+01
1.658163265306122369e+01
1.785714285714285410e+01
1.964285714285714590e+01
2.193877551020408134e+01
2.474489795918367463e+01
2.806122448979591866e+01
2.576530612244897611e+01
2.244897959183673208e+01
1.964285714285713880e+01
1.734693877551020336e+01
1.556122448979591688e+01
1.428571428571428470e+01
1.352040816326530503e+01
1.326530612244897966e+01
1.352040816326530503e+01
1.428571428571428470e+01
1.556122448979591866e+01
1.734693877551020336e+01
1.964285714285713880e+01
2.244897959183673919e+01
2.576530612244897611e+01
2.397959183673469141e+01
2.066326530612244738e+01
1.785714285714285410e+01
1.556122448979591688e+01
1.377551020408163041e+01
1.249999999999999822e+01
1.173469387755102034e+01
1.147959183673469319e+01
1.173469387755102034e+01
1.250000000000000000e+01
1.377551020408163218e+01
1.556122448979591866e+01
1.785714285714285410e+01
2.066326530612245094e+01
2.397959183673469141e+01
2.270408163265305745e+01
1.938775510204081343e+01
1.658163265306122369e+01
1.428571428571428470e+01
1.249999999999999822e+01
1.122448979591836604e+01
1.045918367346938638e+01
1.020408163265306101e+01
1.045918367346938638e+01
1.122448979591836604e+01
1.250000000000000000e+01
1.428571428571428648e+01
1.658163265306122369e+01
1.938775510204082053e+01
2.270408163265305745e+01
2.193877551020408134e+01
1.862244897959183731e+01
1.581632653061224403e+01
1.352040816326530503e+01
1.173469387755102034e+01
1.045918367346938638e+01
9.693877551020406713e+00
9.438775510204081343e+00
9.693877551020406713e+00
1.045918367346938815e+01
1.173469387755102034e+01
1.352040816326530681e+01
1.581632653061224403e+01
1.862244897959183731e+01
2.193877551020408134e+01
2.168367346938775597e+01
1.836734693877550839e+01
1.556122448979591688e+01
1.326530612244897966e+01
1.147959183673469319e+01
1.020408163265306101e+01
9.438775510204081343e+00
9.183673469387754196e+00
9.438775510204081343e+00
1.020408163265306101e+01
1.147959183673469319e+01
1.326530612244897966e+01
1.556122448979591688e+01
1.836734693877551194e+01
2.168367346938775597e+01
2.193877551020408134e+01
1.862244897959183731e+01
1.581632653061224403e+01
1.352040816326530503e+01
1.173469387755102034e+01
1.045918367346938638e+01
9.693877551020406713e+00
9.438775510204081343e+00
9.693877551020406713e+00
1.045918367346938815e+01
1.173469387755102034e+01
1.352040816326530681e+01
1.581632653061224403e+01
1.862244897959183731e+01
2.193877551020408134e+01
2.270408163265306101e+01
1.938775510204081343e+01
1.658163265306122369e+01
1.428571428571428470e+01
1.250000000000000000e+01
1.122448979591836604e+01
1.045918367346938815e+01
1.020408163265306101e+01
1.045918367346938815e+01
1.122448979591836782e+01
1.250000000000000000e+01
1.428571428571428825e+01
1.658163265306122369e+01
1.938775510204082053e+01
2.270408163265306101e+01
2.397959183673469141e+01
2.066326530612244738e+01
1.785714285714285410e+01
1.556122448979591866e+01
1.377551020408163218e+01
1.250000000000000000e+01
1.173469387755102034e+01
1.147959183673469319e+01
1.173469387755102034e+01
1.250000000000000000e+01
1.377551020408163396e+01
1.556122448979592043e+01
1.785714285714285410e+01
2.066326530612245094e+01
2.397959183673469141e+01
2.576530612244898322e+01
2.244897959183673208e+01
1.964285714285714590e+01
1.734693877551020336e+01
1.556122448979591866e+01
1.428571428571428648e+01
1.352040816326530681e+01
1.326530612244897966e+01
1.352040816326530681e+01
1.428571428571428825e+01
1.556122448979592043e+01
1.734693877551020691e+01
1.964285714285714590e+01
2.244897959183673919e+01
2.576530612244898322e+01
2.806122448979591866e+01
2.474489795918367108e+01
2.193877551020408134e+01
1.964285714285713880e+01
1.785714285714285410e+01
1.658163265306122369e+01
1.581632653061224403e+01
1.556122448979591688e+01
1.581632653061224403e+01
1.658163265306122369e+01
1.785714285714285410e+01
1.964285714285714590e+01
2.193877551020408134e+01
2.474489795918367463e+01
2.806122448979591866e+01
3.086734693877551194e+01
2.755102040816326792e+01
2.474489795918367463e+01
2.244897959183673919e+01
2.066326530612245094e+01
1.938775510204082053e+01
1.862244897959183731e+01
1.836734693877551194e+01
1.862244897959183731e+01
1.938775510204082053e+01
2.066326530612245094e+01
2.244897959183673919e+01
2.474489795918367463e+01
2.755102040816326792e+01
3.086734693877551194e+01
3.418367346938775597e+01
3.086734693877551194e+01
2.806122448979591866e+01
2.576530612244897611e+01
2.397959183673469141e+01
2.270408163265305745e+01
2.193877551020408134e+01
2.168367346938775597e+01
2.193877551020408134e+01
2.270408163265306101e+01
2.397959183673469141e+01
2.576530612244898322e+01
2.806122448979591866e+01
3.086734693877551194e+01
3.418367346938775597e+01
3.137755102040816269e+01
2.806122448979591866e+01
2.525510204081632537e+01
2.295918367346938638e+01
2.117346938775510168e+01
1.989795918367346772e+01
1.913265306122448806e+01
1.887755102040816269e+01
1.913265306122448806e+01
1.989795918367347127e+01
2.117346938775510168e+01
2.295918367346938993e+01
2.525510204081632537e+01
2.806122448979591866e+01
3.137755102040816269e+01
2.806122448979591866e+01
2.474489795918367108e+01
2.193877551020408134e+01
1.964285714285714235e+01
1.785714285714285410e+01
1.658163265306122369e+01
1.581632653061224403e+01
1.556122448979591688e+01
1.581632653061224403e+01
1.658163265306122369e+01
1.785714285714285410e+01
1.964285714285714235e+01
2.193877551020408134e+01
2.474489795918367463e+01
2.806122448979591866e+01
2.525510204081632537e+01
2.193877551020408134e+01
1.913265306122448806e+01
1.683673469387754906e+01
1.505102040816326436e+01
1.377551020408163041e+01
1.301020408163265074e+01
1.275510204081632537e+01
1.301020408163265074e+01
1.377551020408163218e+01
1.505102040816326436e+01
1.683673469387755262e+01
1.913265306122448806e+01
2.193877551020408134e+01
2.525510204081632537e+01
2.295918367346938638e+01
1.964285714285714235e+01
1.683673469387754906e+01
1.454081632653061185e+01
1.275510204081632537e+01
1.147959183673469319e+01
1.071428571428571352e+01
1.045918367346938638e+01
1.071428571428571352e+01
1.147959183673469497e+01
1.275510204081632715e+01
1.454081632653061362e+01
1.683673469387754906e+01
1.964285714285714590e+01
2.295918367346938638e+01
2.117346938775510168e+01
1.785714285714285410e+01
1.505102040816326436e+01
1.275510204081632537e+01
1.096938775510204067e+01
9.693877551020406713e+00
8.928571428571427049e+00
8.673469387755101678e+00
8.928571428571427049e+00
9.693877551020406713e+00
1.096938775510204067e+01
1.275510204081632715e+01
1.505102040816326436e+01
1.785714285714286120e+01
2.117346938775510168e+01
1.989795918367346772e+01
1.658163265306122369e+01
1.377551020408163041e+01
1.147959183673469319e+01
9.693877551020406713e+00
8.418367346938774531e+00
7.653061224489794867e+00
7.397959183673468608e+00
7.653061224489794867e+00
8.418367346938776308e+00
9.693877551020408490e+00
1.147959183673469497e+01
1.377551020408163041e+01
1.658163265306122724e+01
1.989795918367346772e+01
1.913265306122448806e+01
1.581632653061224403e+01
1.301020408163265074e+01
1.071428571428571352e+01
8.928571428571427049e+00
7.653061224489794867e+00
6.887755102040816091e+00
6.632653061224488944e+00
6.887755102040816091e+00
7.653061224489795755e+00
8.928571428571428825e+00
1.071428571428571530e+01
1.301020408163265074e+01
1.581632653061224758e+01
1.913265306122448806e+01
1.887755102040816269e+01
1.556122448979591688e+01
1.275510204081632537e+01
1.045918367346938638e+01
8.673469387755101678e+00
7.397959183673468608e+00
6.632653061224488944e+00
6.377551020408162685e+00
6.632653061224488944e+00
7.397959183673469497e+00
8.673469387755101678e+00
1.045918367346938993e+01
1.275510204081632537e+01
1.556122448979592043e+01
1.887755102040816269e+01
1.913265306122448806e+01
1.581632653061224403e+01
1.301020408163265074e+01
1.071428571428571352e+01
8.928571428571427049e+00
7.653061224489794867e+00
6.887755102040816091e+00
6.632653061224488944e+00
6.887755102040816091e+00
7.653061224489795755e+00
8.928571428571428825e+00
1.071428571428571530e+01
1.301020408163265074e+01
1.581632653061224758e+01
1.913265306122448806e+01
1.989795918367347127e+01
1.658163265306122369e+01
1.377551020408163218e+01
1.147959183673469497e+01
9.693877551020406713e+00
8.418367346938776308e+00
7.653061224489795755e+00
7.397959183673469497e+00
7.653061224489795755e+00
8.418367346938776308e+00
9.693877551020408490e+00
1.147959183673469497e+01
1.377551020408163218e+01
1.658163265306122724e+01
1.989795918367347127e+01
2.117346938775510168e+01
1.785714285714285410e+01
1.505102040816326436e+01
1.275510204081632715e+01
1.096938775510204067e+01
9.693877551020408490e+00
8.928571428571428825e+00
8.673469387755101678e+00
8.928571428571428825e+00
9.693877551020408490e+00
1.096938775510204067e+01
1.275510204081632892e+01
1.505102040816326436e+01
1.785714285714286120e+01
2.117346938775510168e+01
2.295918367346938993e+01
1.964285714285714235e+01
1.683673469387755262e+01
1.454081632653061362e+01
1.275510204081632715e+01
1.147959183673469497e+01
1.071428571428571530e+01
1.045918367346938993e+01
1.071428571428571530e+01
1.147959183673469497e+01
1.275510204081632892e+01
1.454081632653061540e+01
1.683673469387755262e+01
1.964285714285714590e+01
2.295918367346938993e+01
2.525510204081632537e+01
2.193877551020408134e+01
1.913265306122448806e+01
1.683673469387754906e+01
1.505102040816326436e+01
1.377551020408163041e+01
1.301020408163265074e+01
1.275510204081632537e+01
1.301020408163265074e+01
1.377551020408163218e+01
1.505102040816326436e+01
1.683673469387755262e+01
1.913265306122448806e+01
2.193877551020408134e+01
2.525510204081632537e+01
2.806122448979591866e+01
2.474489795918367463e+01
2.193877551020408134e+01
1.964285714285714590e+01
1.785714285714286120e+01
1.658163265306122724e+01
1.581632653061224758e+01
1.556122448979592043e+01
1.581632653061224758e+01
1.658163265306122724e+01
1.785714285714286120e+01
1.964285714285714590e+01
2.193877551020408134e+01
2.474489795918367818e+01
2.806122448979591866e+01
3.137755102040816269e+01
2.806122448979591866e+01
2.525510204081632537e+01
2.295918367346938638e+01
2.117346938775510168e+01
1.989795918367346772e+01
1.913265306122448806e+01
1.887755102040816269e+01
1.913265306122448806e+01
1.989795918367347127e+01
2.117346938775510168e+01
2.295918367346938993e+01
2.525510204081632537e+01
2.806122448979591866e+01
3.137755102040816269e+01
2.908163265306122369e+01
2.576530612244897966e+01
2.295918367346938638e+01
2.066326530612244738e+01
1.887755102040816269e+01
1.760204081632652873e+01
1.683673469387755262e+01
1.658163265306122369e+01
1.683673469387755262e+01
1.760204081632653228e+01
1.887755102040816269e+01
2.066326530612245094e+01
2.295918367346938638e+01
2.576530612244897966e+01
2.908163265306122369e+01
2.576530612244897966e+01
2.244897959183673208e+01
1.964285714285714235e+01
1.734693877551020336e+01
1.556122448979591866e+01
1.428571428571428470e+01
1.352040816326530503e+01
1.326530612244897966e+01
1.352040816326530503e+01
1.428571428571428470e+01
1.556122448979591866e+01
1.734693877551020336e+01
1.964285714285714235e+01
2.244897959183673564e+01
2.576530612244897966e+01
2.295918367346938638e+01
1.964285714285714235e+01
1.683673469387754906e+01
1.454081632653061007e+01
1.275510204081632537e+01
1.147959183673469319e+01
1.071428571428571352e+01
1.045918367346938638e+01
1.071428571428571352e+01
1.147959183673469497e+01
1.275510204081632537e+01
1.454081632653061362e+01
1.683673469387754906e+01
1.964285714285714590e+01
2.295918367346938638e+01
2.066326530612244738e+01
1.734693877551020336e+01
1.454081632653061007e+01
1.224489795918367463e+01
1.045918367346938638e+01
9.183673469387755972e+00
8.418367346938776308e+00
8.163265306122449161e+00
8.418367346938776308e+00
9.183673469387755972e+00
1.045918367346938993e+01
1.224489795918367463e+01
1.454081632653061007e+01
1.734693877551020691e+01
2.066326530612244738e+01
1.887755102040816269e+01
1.556122448979591866e+01
1.275510204081632537e+01
1.045918367346938638e+01
8.673469387755101678e+00
7.397959183673469497e+00
6.632653061224489832e+00
6.377551020408162685e+00
6.632653061224489832e+00
7.397959183673469497e+00
8.673469387755101678e+00
1.045918367346938993e+01
1.275510204081632537e+01
1.556122448979592221e+01
1.887755102040816269e+01
1.760204081632652873e+01
1.428571428571428470e+01
1.147959183673469319e+01
9.183673469387755972e+00
7.397959183673469497e+00
6.122448979591836427e+00
5.357142857142857650e+00
5.102040816326530503e+00
5.357142857142857650e+00
6.122448979591837315e+00
7.397959183673469497e+00
9.183673469387755972e+00
1.147959183673469319e+01
1.428571428571428825e+01
1.760204081632652873e+01
1.683673469387755262e+01
1.352040816326530503e+01
1.071428571428571352e+01
8.418367346938776308e+00
6.632653061224489832e+00
5.357142857142857650e+00
4.591836734693877986e+00
4.336734693877550839e+00
4.591836734693877986e+00
5.357142857142857650e+00
6.632653061224490720e+00
8.418367346938776308e+00
1.071428571428571352e+01
1.352040816326530859e+01
1.683673469387755262e+01
1.658163265306122369e+01
1.326530612244897966e+01
1.045918367346938638e+01
8.163265306122449161e+00
6.377551020408162685e+00
5.102040816326530503e+00
4.336734693877550839e+00
4.081632653061224580e+00
4.336734693877550839e+00
5.102040816326531392e+00
6.377551020408164462e+00
8.163265306122450937e+00
1.045918367346938638e+01
1.326530612244898322e+01
1.658163265306122369e+01
1.683673469387755262e+01
1.352040816326530503e+01
1.071428571428571352e+01
8.418367346938776308e+00
6.632653061224489832e+00
5.357142857142857650e+00
4.591836734693877986e+00
4.336734693877550839e+00
4.591836734693877986e+00
5.357142857142857650e+00
6.632653061224490720e+00
8.418367346938776308e+00
1.071428571428571352e+01
1.352040816326530859e+01
1.683673469387755262e+01
1.760204081632653228e+01
1.428571428571428470e+01
1.147959183673469497e+01
9.183673469387755972e+00
7.397959183673469497e+00
6.122448979591837315e+00
5.357142857142857650e+00
5.102040816326531392e+00
5.357142857142857650e+00
6.122448979591837315e+00
7.397959183673470385e+00
9.183673469387757748e+00
1.147959183673469497e+01
1.428571428571428825e+01
1.760204081632653228e+01
1.887755102040816269e+01
1.556122448979591866e+01
1.275510204081632537e+01
1.045918367346938993e+01
8.673469387755101678e+00
7.397959183673469497e+00
6.632653061224490720e+00
6.377551020408164462e+00
6.632653061224490720e+00
7.397959183673470385e+00
8.673469387755103455e+00
1.045918367346938993e+01
1.275510204081632537e+01
1.556122448979592221e+01
1.887755102040816269e+01
2.066326530612245094e+01
1.734693877551020336e+01
1.454081632653061362e+01
1.224489795918367463e+01
1.045918367346938993e+01
9.183673469387755972e+00
8.418367346938776308e+00
8.163265306122450937e+00
8.418367346938776308e+00
9.183673469387757748e+00
1.045918367346938993e+01
1.224489795918367818e+01
1.454081632653061362e+01
1.734693877551020691e+01
2.066326530612245094e+01
2.295918367346938638e+01
1.964285714285714235e+01
1.683673469387754906e+01
1.454081632653061007e+01
1.275510204081632537e+01
1.147959183673469319e+01
1.071428571428571352e+01
1.045918367346938638e+01
1.071428571428571352e+01
1.147959183673469497e+01
1.275510204081632537e+01
1.454081632653061362e+01
1.683673469387754906e+01
1.964285714285714590e+01
2.295918367346938638e+01
2.576530612244897966e+01
2.244897959183673564e+01
1.964285714285714590e+01
1.734693877551020691e+01
1.556122448979592221e+01
1.428571428571428825e+01
1.352040816326530859e+01
1.326530612244898322e+01
1.352040816326530859e+01
1.428571428571428825e+01
1.556122448979592221e+01
1.734693877551020691e+01
1.964285714285714590e+01
2.244897959183673919e+01
2.576530612244897966e+01
2.908163265306122369e+01
2.576530612244897966e+01
2.295918367346938638e+01
2.066326530612244738e+01
1.887755102040816269e+01
1.760204081632652873e+01
1.683673469387755262e+01
1.658163265306122369e+01
1.683673469387755262e+01
1.760204081632653228e+01
1.887755102040816269e+01
2.066326530612245094e+01
2.295918367346938638e+01
2.576530612244897966e+01
2.908163265306122369e+01
2.729591836734693899e+01
2.397959183673469497e+01
2.117346938775510168e+01
1.887755102040816269e+01
1.709183673469387799e+01
1.581632653061224403e+01
1.505102040816326614e+01
1.479591836734693899e+01
1.505102040816326614e+01
1.581632653061224580e+01
1.709183673469387799e+01
1.887755102040816624e+01
2.117346938775510168e+01
2.397959183673469497e+01
2.729591836734693899e+01
2.397959183673469497e+01
2.066326530612244738e+01
1.785714285714285410e+01
1.556122448979591866e+01
1.377551020408163218e+01
1.250000000000000000e+01
1.173469387755102034e+01
1.147959183673469319e+01
1.173469387755102034e+01
1.250000000000000000e+01
1.377551020408163218e+01
1.556122448979591866e+01
1.785714285714285410e+01
2.066326530612245094e+01
2.397959183673469497e+01
2.117346938775510168e+01
1.785714285714285410e+01
1.505102040816326436e+01
1.275510204081632537e+01
1.096938775510204067e+01
9.693877551020406713e+00
8.928571428571427049e+00
8.673469387755101678e+00
8.928571428571427049e+00
9.693877551020408490e+00
1.096938775510204067e+01
1.275510204081632892e+01
1.505102040816326436e+01
1.785714285714285765e+01
2.117346938775510168e+01
1.887755102040816269e+01
1.556122448979591866e+01
1.275510204081632537e+01
1.045918367346938815e+01
8.673469387755101678e+00
7.397959183673469497e+00
6.632653061224489832e+00
6.377551020408162685e+00
6.632653061224489832e+00
7.397959183673469497e+00
8.673469387755103455e+00
1.045918367346938993e+01
1.275510204081632537e+01
1.556122448979592221e+01
1.887755102040816269e+01
1.709183673469387799e+01
1.377551020408163218e+01
1.096938775510204067e+01
8.673469387755101678e+00
6.887755102040815203e+00
5.612244897959183021e+00
4.846938775510203357e+00
4.591836734693877098e+00
4.846938775510203357e+00
5.612244897959183021e+00
6.887755102040816979e+00
8.673469387755103455e+00
1.096938775510204067e+01
1.377551020408163573e+01
1.709183673469387799e+01
1.581632653061224403e+01
1.250000000000000000e+01
9.693877551020406713e+00
7.397959183673469497e+00
5.612244897959183021e+00
4.336734693877550839e+00
3.571428571428571175e+00
3.316326530612244472e+00
3.571428571428571175e+00
4.336734693877550839e+00
5.612244897959183909e+00
7.397959183673471273e+00
9.693877551020406713e+00
1.250000000000000355e+01
1.581632653061224403e+01
1.505102040816326614e+01
1.173469387755102034e+01
8.928571428571427049e+00
6.632653061224489832e+00
4.846938775510203357e+00
3.571428571428571175e+00
2.806122448979591955e+00
2.551020408163265252e+00
2.806122448979591955e+00
3.571428571428572063e+00
4.846938775510205133e+00
6.632653061224491609e+00
8.928571428571427049e+00
1.173469387755102389e+01
1.505102040816326614e+01
1.479591836734693899e+01
1.147959183673469319e+01
8.673469387755101678e+00
6.377551020408162685e+00
4.591836734693877098e+00
3.316326530612244472e+00
2.551020408163265252e+00
2.295918367346938549e+00
2.551020408163265252e+00
3.316326530612244916e+00
4.591836734693877986e+00
6.377551020408164462e+00
8.673469387755101678e+00
1.147959183673469674e+01
1.479591836734693899e+01
1.505102040816326614e+01
1.173469387755102034e+01
8.928571428571427049e+00
6.632653061224489832e+00
4.846938775510203357e+00
3.571428571428571175e+00
2.806122448979591955e+00
2.551020408163265252e+00
2.806122448979591955e+00
3.571428571428572063e+00
4.846938775510205133e+00
6.632653061224491609e+00
8.928571428571427049e+00
1.173469387755102389e+01
1.505102040816326614e+01
1.581632653061224580e+01
1.250000000000000000e+01
9.693877551020408490e+00
7.397959183673469497e+00
5.612244897959183021e+00
4.336734693877550839e+00
3.571428571428572063e+00
3.316326530612244916e+00
3.571428571428572063e+00
4.336734693877551727e+00
5.612244897959184797e+00
7.397959183673471273e+00
9.693877551020408490e+00
1.250000000000000355e+01
1.581632653061224580e+01
1.709183673469387799e+01
1.377551020408163218e+01
1.096938775510204067e+01
8.673469387755103455e+00
6.887755102040816979e+00
5.612244897959183909e+00
4.846938775510205133e+00
4.591836734693877986e+00
4.846938775510205133e+00
5.612244897959184797e+00
6.887755102040816979e+00
8.673469387755105231e+00
1.096938775510204067e+01
1.377551020408163573e+01
1.709183673469387799e+01
1.887755102040816624e+01
1.556122448979591866e+01
1.275510204081632892e+01
1.045918367346938993e+01
8.673469387755103455e+00
7.397959183673471273e+00
6.632653061224491609e+00
6.377551020408164462e+00
6.632653061224491609e+00
7.397959183673471273e+00
8.673469387755105231e+00
1.045918367346939171e+01
1.275510204081632892e+01
1.556122448979592221e+01
1.887755102040816624e+01
2.117346938775510168e+01
1.785714285714285410e+01
1.505102040816326436e+01
1.275510204081632537e+01
1.096938775510204067e+01
9.693877551020406713e+00
8.928571428571427049e+00
8.673469387755101678e+00
8.928571428571427049e+00
9.693877551020408490e+00
1.096938775510204067e+01
1.275510204081632892e+01
1.505102040816326436e+01
1.785714285714285765e+01
2.117346938775510168e+01
2.397959183673469497e+01
2.066326530612245094e+01
1.785714285714285765e+01
1.556122448979592221e+01
1.377551020408163573e+01
1.250000000000000355e+01
1.173469387755102389e+01
1.147959183673469674e+01
1.173469387755102389e+01
1.250000000000000355e+01
1.377551020408163573e+01
1.556122448979592221e+01
1.785714285714285765e+01
2.066326530612245449e+01
2.397959183673469497e+01
2.729591836734693899e+01
2.397959183673469497e+01
2.117346938775510168e+01
1.887755102040816269e+01
1.709183673469387799e+01
1.581632653061224403e+01
1.505102040816326614e+01
1.479591836734693899e+01
1.505102040816326614e+01
1.581632653061224580e+01
1.709183673469387799e+01
1.887755102040816624e+01
2.117346938775510168e+01
2.397959183673469497e+01
2.729591836734693899e+01
2.602040816326530503e+01
2.270408163265306101e+01
1.989795918367346772e+01
1.760204081632652873e+01
1.581632653061224403e+01
1.454081632653061007e+01
1.377551020408163396e+01
1.352040816326530503e+01
1.377551020408163396e+01
1.454081632653061362e+01
1.581632653061224403e+01
1.760204081632653228e+01
1.989795918367346772e+01
2.270408163265306101e+01
2.602040816326530503e+01
2.270408163265306101e+01
1.938775510204081343e+01
1.658163265306122369e+01
1.428571428571428470e+01
1.250000000000000000e+01
1.122448979591836604e+01
1.045918367346938638e+01
1.020408163265306101e+01
1.045918367346938638e+01
1.122448979591836604e+01
1.250000000000000000e+01
1.428571428571428470e+01
1.658163265306122369e+01
1.938775510204081698e+01
2.270408163265306101e+01
1.989795918367346772e+01
1.658163265306122369e+01
1.377551020408163041e+01
1.147959183673469141e+01
9.693877551020406713e+00
8.418367346938774531e+00
7.653061224489794867e+00
7.397959183673468608e+00
7.653061224489794867e+00
8.418367346938776308e+00
9.693877551020406713e+00
1.147959183673469497e+01
1.377551020408163041e+01
1.658163265306122724e+01
1.989795918367346772e+01
1.760204081632652873e+01
1.428571428571428470e+01
1.147959183673469141e+01
9.183673469387755972e+00
7.397959183673468608e+00
6.122448979591836427e+00
5.357142857142856762e+00
5.102040816326530503e+00
5.357142857142856762e+00
6.122448979591837315e+00
7.397959183673470385e+00
9.183673469387755972e+00
1.147959183673469141e+01
1.428571428571428825e+01
1.760204081632652873e+01
1.581632653061224403e+01
1.250000000000000000e+01
9.693877551020406713e+00
7.397959183673468608e+00
5.612244897959183021e+00
4.336734693877550839e+00
3.571428571428571175e+00
3.316326530612244472e+00
3.571428571428571175e+00
4.336734693877550839e+00
5.612244897959183909e+00
7.397959183673470385e+00
9.693877551020406713e+00
1.250000000000000355e+01
1.581632653061224403e+01
1.454081632653061007e+01
1.122448979591836604e+01
8.418367346938774531e+00
6.122448979591836427e+00
4.336734693877550839e+00
3.061224489795917769e+00
2.295918367346938549e+00
2.040816326530611846e+00
2.295918367346938549e+00
3.061224489795918657e+00
4.336734693877550839e+00
6.122448979591838203e+00
8.418367346938774531e+00
1.122448979591836959e+01
1.454081632653061007e+01
1.377551020408163396e+01
1.045918367346938638e+01
7.653061224489794867e+00
5.357142857142856762e+00
3.571428571428571175e+00
2.295918367346938549e+00
1.530612244897959329e+00
1.275510204081632626e+00
1.530612244897959329e+00
2.295918367346938993e+00
3.571428571428572063e+00
5.357142857142858539e+00
7.653061224489794867e+00
1.045918367346938993e+01
1.377551020408163396e+01
1.352040816326530503e+01
1.020408163265306101e+01
7.397959183673468608e+00
5.102040816326530503e+00
3.316326530612244472e+00
2.040816326530611846e+00
1.275510204081632626e+00
1.020408163265305923e+00
1.275510204081632626e+00
2.040816326530612734e+00
3.316326530612245360e+00
5.102040816326532280e+00
7.397959183673468608e+00
1.020408163265306456e+01
1.352040816326530503e+01
1.377551020408163396e+01
1.045918367346938638e+01
7.653061224489794867e+00
5.357142857142856762e+00
3.571428571428571175e+00
2.295918367346938549e+00
1.530612244897959329e+00
1.275510204081632626e+00
1.530612244897959329e+00
2.295918367346938993e+00
3.571428571428572063e+00
5.357142857142858539e+00
7.653061224489794867e+00
1.045918367346938993e+01
1.377551020408163396e+01
1.454081632653061362e+01
1.122448979591836604e+01
8.418367346938776308e+00
6.122448979591837315e+00
4.336734693877550839e+00
3.061224489795918657e+00
2.295918367346938993e+00
2.040816326530612734e+00
2.295918367346938993e+00
3.061224489795919101e+00
4.336734693877551727e+00
6.122448979591839091e+00
8.418367346938776308e+00
1.122448979591836959e+01
1.454081632653061362e+01
1.581632653061224403e+01
1.250000000000000000e+01
9.693877551020406713e+00
7.397959183673470385e+00
5.612244897959183909e+00
4.336734693877550839e+00
3.571428571428572063e+00
3.316326530612245360e+00
3.571428571428572063e+00
4.336734693877551727e+00
5.612244897959184797e+00
7.397959183673472161e+00
9.693877551020406713e+00
1.250000000000000355e+01
1.581632653061224403e+01
1.760204081632653228e+01
1.428571428571428470e+01
1.147959183673469497e+01
9.183673469387755972e+00
7.397959183673470385e+00
6.122448979591838203e+00
5.357142857142858539e+00
5.102040816326532280e+00
5.357142857142858539e+00
6.122448979591839091e+00
7.397959183673472161e+00
9.183673469387759525e+00
1.147959183673469497e+01
1.428571428571428825e+01
1.760204081632653228e+01
1.989795918367346772e+01
1.658163265306122369e+01
1.377551020408163041e+01
1.147959183673469141e+01
9.693877551020406713e+00
8.418367346938774531e+00
7.653061224489794867e+00
7.397959183673468608e+00
7.653061224489794867e+00
8.418367346938776308e+00
9.693877551020406713e+00
1.147959183673469497e+01
1.377551020408163041e+01
1.658163265306122724e+01
1.989795918367346772e+01
2.270408163265306101e+01
1.938775510204081698e+01
1.658163265306122724e+01
1.428571428571428825e+01
1.250000000000000355e+01
1.122448979591836959e+01
1.045918367346938993e+01
1.020408163265306456e+01
1.045918367346938993e+01
1.122448979591836959e+01
1.250000000000000355e+01
1.428571428571428825e+01
1.658163265306122724e+01
1.938775510204082053e+01
2.270408163265306101e+01
2.602040816326530503e+01
2.270408163265306101e+01
1.989795918367346772e+01
1.760204081632652873e+01
1.581632653061224403e+01
1.454081632653061007e+01
1.377551020408163396e+01
1.352040816326530503e+01
1.377551020408163396e+01
1.454081632653061362e+01
1.581632653061224403e+01
1.760204081632653228e+01
1.989795918367346772e+01
2.270408163265306101e+01
2.602040816326530503e+01
2.525510204081632537e+01
2.193877551020408134e+01
1.913265306122448806e+01
1.683673469387754906e+01
1.505102040816326614e+01
1.377551020408163218e+01
1.301020408163265429e+01
1.275510204081632715e+01
1.301020408163265429e+01
1.377551020408163396e+01
1.505102040816326614e+01
1.683673469387755262e+01
1.913265306122448806e+01
2.193877551020408134e+01
2.525510204081632537e+01
2.193877551020408134e+01
1.862244897959183376e+01
1.581632653061224403e+01
1.352040816326530681e+01
1.173469387755102034e+01
1.045918367346938815e+01
9.693877551020408490e+00
9.438775510204081343e+00
9.693877551020408490e+00
1.045918367346938815e+01
1.173469387755102034e+01
1.352040816326530681e+01
1.581632653061224403e+01
1.862244897959183731e+01
2.193877551020408134e+01
1.913265306122448806e+01
1.581632653061224403e+01
1.301020408163265252e+01
1.071428571428571352e+01
8.928571428571428825e+00
7.653061224489794867e+00
6.887755102040815203e+00
6.632653061224488944e+00
6.887755102040815203e+00
7.653061224489795755e+00
8.928571428571428825e+00
1.071428571428571708e+01
1.301020408163265252e+01
1.581632653061224758e+01
1.913265306122448806e+01
1.683673469387754906e+01
1.352040816326530681e+01
1.071428571428571352e+01
8.418367346938776308e+00
6.632653061224488944e+00
5.357142857142856762e+00
4.591836734693877098e+00
4.336734693877550839e+00
4.591836734693877098e+00
5.357142857142857650e+00
6.632653061224490720e+00
8.418367346938778084e+00
1.071428571428571352e+01
1.352040816326531036e+01
1.683673469387754906e+01
1.505102040816326614e+01
1.173469387755102034e+01
8.928571428571428825e+00
6.632653061224488944e+00
4.846938775510203357e+00
3.571428571428571175e+00
2.806122448979591955e+00
2.551020408163265252e+00
2.806122448979591955e+00
3.571428571428571619e+00
4.846938775510204245e+00
6.632653061224490720e+00
8.928571428571428825e+00
1.173469387755102389e+01
1.505102040816326614e+01
1.377551020408163218e+01
1.045918367346938815e+01
7.653061224489794867e+00
5.357142857142856762e+00
3.571428571428571175e+00
2.295918367346938549e+00
1.530612244897959329e+00
1.275510204081632626e+00
1.530612244897959329e+00
2.295918367346939437e+00
3.571428571428572063e+00
5.357142857142858539e+00
7.653061224489794867e+00
1.045918367346939171e+01
1.377551020408163218e+01
1.301020408163265429e+01
9.693877551020408490e+00
6.887755102040815203e+00
4.591836734693877098e+00
2.806122448979591955e+00
1.530612244897959329e+00
7.653061224489798864e-01
5.102040816326532946e-01
7.653061224489798864e-01
1.530612244897959995e+00
2.806122448979592843e+00
4.591836734693878874e+00
6.887755102040815203e+00
9.693877551020412042e+00
1.301020408163265429e+01
1.275510204081632715e+01
9.438775510204081343e+00
6.632653061224488944e+00
4.336734693877550839e+00
2.551020408163265252e+00
1.275510204081632626e+00
5.102040816326532946e-01
2.551020408163266473e-01
5.102040816326532946e-01
1.275510204081633292e+00
2.551020408163266140e+00
4.336734693877552616e+00
6.632653061224488944e+00
9.438775510204084895e+00
1.275510204081632715e+01
1.301020408163265429e+01
9.693877551020408490e+00
6.887755102040815203e+00
4.591836734693877098e+00
2.806122448979591955e+00
1.530612244897959329e+00
7.653061224489798864e-01
5.102040816326532946e-01
7.653061224489798864e-01
1.530612244897959995e+00
2.806122448979592843e+00
4.591836734693878874e+00
6.887755102040815203e+00
9.693877551020412042e+00
1.301020408163265429e+01
1.377551020408163396e+01
1.045918367346938815e+01
7.653061224489795755e+00
5.357142857142857650e+00
3.571428571428571619e+00
2.295918367346939437e+00
1.530612244897959995e+00
1.275510204081633292e+00
1.530612244897959995e+00
2.295918367346939881e+00
3.571428571428572507e+00
5.357142857142859427e+00
7.653061224489795755e+00
1.045918367346939171e+01
1.377551020408163396e+01
1.505102040816326614e+01
1.173469387755102034e+01
8.928571428571428825e+00
6.632653061224490720e+00
4.846938775510204245e+00
3.571428571428572063e+00
2.806122448979592843e+00
2.551020408163266140e+00
2.806122448979592843e+00
3.571428571428572507e+00
4.846938775510205133e+00
6.632653061224492497e+00
8.928571428571428825e+00
1.173469387755102389e+01
1.505102040816326614e+01
1.683673469387755262e+01
1.352040816326530681e+01
1.071428571428571708e+01
8.418367346938778084e+00
6.632653061224490720e+00
5.357142857142858539e+00
4.591836734693878874e+00
4.336734693877552616e+00
4.591836734693878874e+00
5.357142857142859427e+00
6.632653061224492497e+00
8.418367346938779860e+00
1.071428571428571708e+01
1.352040816326531036e+01
1.683673469387755262e+01
1.913265306122448806e+01
1.581632653061224403e+01
1.301020408163265252e+01
1.071428571428571352e+01
8.928571428571428825e+00
7.653061224489794867e+00
6.887755102040815203e+00
6.632653061224488944e+00
6.887755102040815203e+00
7.653061224489795755e+00
8.928571428571428825e+00
1.071428571428571708e+01
1.301020408163265252e+01
1.581632653061224758e+01
1.913265306122448806e+01
2.193877551020408134e+01
1.862244897959183731e+01
1.581632653061224758e+01
1.352040816326531036e+01
1.173469387755102389e+01
1.045918367346939171e+01
9.693877551020412042e+00
9.438775510204084895e+00
9.693877551020412042e+00
1.045918367346939171e+01
1.173469387755102389e+01
1.352040816326531036e+01
1.581632653061224758e+01
1.862244897959184087e+01
2.193877551020408134e+01
2.525510204081632537e+01
2.193877551020408134e+01
1.913265306122448806e+01
1.683673469387754906e+01
1.505102040816326614e+01
1.377551020408163218e+01
1.301020408163265429e+01
1.275510204081632715e+01
1.301020408163265429e+01
1.377551020408163396e+01
1.505102040816326614e+01
1.683673469387755262e+01
1.913265306122448806e+01
2.193877551020408134e+01
2.525510204081632537e+01
2.500000000000000000e+01
2.168367346938775597e+01
1.887755102040816269e+01
1.658163265306122369e+01
1.479591836734693899e+01
1.352040816326530503e+01
1.275510204081632715e+01
1.250000000000000000e+01
1.275510204081632715e+01
1.352040816326530681e+01
1.479591836734693899e+01
1.658163265306122724e+01
1.887755102040816269e+01
2.168367346938775597e+01
2.500000000000000000e+01
2.168367346938775597e+01
1.836734693877550839e+01
1.556122448979591688e+01
1.326530612244897966e+01
1.147959183673469319e+01
1.020408163265306101e+01
9.438775510204081343e+00
9.183673469387754196e+00
9.438775510204081343e+00
1.020408163265306101e+01
1.147959183673469319e+01
1.326530612244897966e+01
1.556122448979591688e+01
1.836734693877551194e+01
2.168367346938775597e+01
1.887755102040816269e+01
1.556122448979591688e+01
1.275510204081632537e+01
1.045918367346938638e+01
8.673469387755101678e+00
7.397959183673468608e+00
6.632653061224488944e+00
6.377551020408162685e+00
6.632653061224488944e+00
7.397959183673469497e+00
8.673469387755101678e+00
1.045918367346938993e+01
1.275510204081632537e+01
1.556122448979592043e+01
1.887755102040816269e+01
1.658163265306122369e+01
1.326530612244897966e+01
1.045918367346938638e+01
8.163265306122449161e+00
6.377551020408162685e+00
5.102040816326530503e+00
4.336734693877550839e+00
4.081632653061224580e+00
4.336734693877550839e+00
5.102040816326531392e+00
6.377551020408164462e+00
8.163265306122450937e+00
1.045918367346938638e+01
1.326530612244898322e+01
1.658163265306122369e+01
1.479591836734693899e+01
1.147959183673469319e+01
8.673469387755101678e+00
6.377551020408162685e+00
4.591836734693877098e+00
3.316326530612244472e+00
2.551020408163265252e+00
2.295918367346938549e+00
2.551020408163265252e+00
3.316326530612244916e+00
4.591836734693877986e+00
6.377551020408164462e+00
8.673469387755101678e+00
1.147959183673469674e+01
1.479591836734693899e+01
1.352040816326530503e+01
1.020408163265306101e+01
7.397959183673468608e+00
5.102040816326530503e+00
3.316326530612244472e+00
2.040816326530611846e+00
1.275510204081632626e+00
1.020408163265305923e+00
1.275510204081632626e+00
2.040816326530612734e+00
3.316326530612245360e+00
5.102040816326532280e+00
7.397959183673468608e+00
1.020408163265306456e+01
1.352040816326530503e+01
1.275510204081632715e+01
9.438775510204081343e+00
6.632653061224488944e+00
4.336734693877550839e+00
2.551020408163265252e+00
1.275510204081632626e+00
5.102040816326532946e-01
2.551020408163266473e-01
5.102040816326532946e-01
1.275510204081633292e+00
2.551020408163266140e+00
4.336734693877552616e+00
6.632653061224488944e+00
9.438775510204084895e+00
1.275510204081632715e+01
1.250000000000000000e+01
9.183673469387754196e+00
6.377551020408162685e+00
4.081632653061224580e+00
2.295918367346938549e+00
1.020408163265305923e+00
2.551020408163266473e-01
0.000000000000000000e+00
2.551020408163266473e-01
1.020408163265306589e+00
2.295918367346939437e+00
4.081632653061226357e+00
6.377551020408162685e+00
9.183673469387757748e+00
1.250000000000000000e+01
1.275510204081632715e+01
9.438775510204081343e+00
6.632653061224488944e+00
4.336734693877550839e+00
2.551020408163265252e+00
1.275510204081632626e+00
5.102040816326532946e-01
2.551020408163266473e-01
5.102040816326532946e-01
1.275510204081633292e+00
2.551020408163266140e+00
4.336734693877552616e+00
6.632653061224488944e+00
9.438775510204084895e+00
1.275510204081632715e+01
1.352040816326530681e+01
1.020408163265306101e+01
7.397959183673469497e+00
5.102040816326531392e+00
3.316326530612244916e+00
2.040816326530612734e+00
1.275510204081633292e+00
1.020408163265306589e+00
1.275510204081633292e+00
2.040816326530613178e+00
3.316326530612245804e+00
5.102040816326533168e+00
7.397959183673469497e+00
1.020408163265306456e+01
1.352040816326530681e+01
1.479591836734693899e+01
1.147959183673469319e+01
8.673469387755101678e+00
6.377551020408164462e+00
4.591836734693877986e+00
3.316326530612245360e+00
2.551020408163266140e+00
2.295918367346939437e+00
2.551020408163266140e+00
3.316326530612245804e+00
4.591836734693878874e+00
6.377551020408166238e+00
8.673469387755101678e+00
1.147959183673469674e+01
1.479591836734693899e+01
1.658163265306122724e+01
1.326530612244897966e+01
1.045918367346938993e+01
8.163265306122450937e+00
6.377551020408164462e+00
5.102040816326532280e+00
4.336734693877552616e+00
4.081632653061226357e+00
4.336734693877552616e+00
5.102040816326533168e+00
6.377551020408166238e+00
8.163265306122452714e+00
1.045918367346938993e+01
1.326530612244898322e+01
1.658163265306122724e+01
1.887755102040816269e+01
1.556122448979591688e+01
1.275510204081632537e+01
1.045918367346938638e+01
8.673469387755101678e+00
7.397959183673468608e+00
6.632653061224488944e+00
6.377551020408162685e+00
6.632653061224488944e+00
7.397959183673469497e+00
8.673469387755101678e+00
1.045918367346938993e+01
1.275510204081632537e+01
1.556122448979592043e+01
1.887755102040816269e+01
2.168367346938775597e+01
1.836734693877551194e+01
1.556122448979592043e+01
1.326530612244898322e+01
1.147959183673469674e+01
1.020408163265306456e+01
9.438775510204084895e+00
9.183673469387757748e+00
9.438775510204084895e+00
1.020408163265306456e+01
1.147959183673469674e+01
1.326530612244898322e+01
1.556122448979592043e+01
1.836734693877551550e+01
2.168367346938775597e+01
2.500000000000000000e+01
2.168367346938775597e+01
1.887755102040816269e+01
1.658163265306122369e+01
1.479591836734693899e+01
1.352040816326530503e+01
1.275510204081632715e+01
1.250000000000000000e+01
1.275510204081632715e+01
1.352040816326530681e+01
1.479591836734693899e+01
1.658163265306122724e+01
1.887755102040816269e+01
2.168367346938775597e+01
2.500000000000000000e+01
2.525510204081632537e+01
2.193877551020408134e+01
1.913265306122448806e+01
1.683673469387754906e+01
1.505102040816326614e+01
1.377551020408163218e+01
1.301020408163265429e+01
1.275510204081632715e+01
1.301020408163265429e+01
1.377551020408163396e+01
1.505102040816326614e+01
1.683673469387755262e+01
1.913265306122448806e+01
2.193877551020408134e+01
2.525510204081632537e+01
2.193877551020408134e+01
1.862244897959183376e+01
1.581632653061224403e+01
1.352040816326530681e+01
1.173469387755102034e+01
1.045918367346938815e+01
9.693877551020408490e+00
9.438775510204081343e+00
9.693877551020408490e+00
1.045918367346938815e+01
1.173469387755102034e+01
1.352040816326530681e+01
1.581632653061224403e+01
1.862244897959183731e+01
2.193877551020408134e+01
1.913265306122448806e+01
1.581632653061224403e+01
1.301020408163265252e+01
1.071428571428571352e+01
8.928571428571428825e+00
7.653061224489794867e+00
6.887755102040815203e+00
6.632653061224488944e+00
6.887755102040815203e+00
7.653061224489795755e+00
8.928571428571428825e+00
1.071428571428571708e+01
1.301020408163265252e+01
1.581632653061224758e+01
1.913265306122448806e+01
1.683673469387754906e+01
1.352040816326530681e+01
1.071428571428571352e+01
8.418367346938776308e+00
6.632653061224488944e+00
5.357142857142856762e+00
4.591836734693877098e+00
4.336734693877550839e+00
4.591836734693877098e+00
5.357142857142857650e+00
6.632653061224490720e+00
8.418367346938778084e+00
1.071428571428571352e+01
1.352040816326531036e+01
1.683673469387754906e+01
1.505102040816326614e+01
1.173469387755102034e+01
8.928571428571428825e+00
6.632653061224488944e+00
4.846938775510203357e+00
3.571428571428571175e+00
2.806122448979591955e+00
2.551020408163265252e+00
2.806122448979591955e+00
3.571428571428571619e+00
4.846938775510204245e+00
6.632653061224490720e+00
8.928571428571428825e+00
1.173469387755102389e+01
1.505102040816326614e+01
1.377551020408163218e+01
1.045918367346938815e+01
7.653061224489794867e+00
5.357142857142856762e+00
3.571428571428571175e+00
2.295918367346938549e+00
1.530612244897959329e+00
1.275510204081632626e+00
1.530612244897959329e+00
2.295918367346939437e+00
3.571428571428572063e+00
5.357142857142858539e+00
7.653061224489794867e+00
1.045918367346939171e+01
1.377551020408163218e+01
1.301020408163265429e+01
9.693877551020408490e+00
6.887755102040815203e+00
4.591836734693877098e+00
2.806122448979591955e+00
1.530612244897959329e+00
7.653061224489798864e-01
5.102040816326532946e-01
7.653061224489798864e-01
1.530612244897959995e+00
2.806122448979592843e+00
4.591836734693878874e+00
6.887755102040815203e+00
9.693877551020412042e+00
1.301020408163265429e+01
1.275510204081632715e+01
9.438775510204081343e+00
6.632653061224488944e+00
4.336734693877550839e+00
2.551020408163265252e+00
1.275510204081632626e+00
5.102040816326532946e-01
2.551020408163266473e-01
5.102040816326532946e-01
1.275510204081633292e+00
2.551020408163266140e+00
4.336734693877552616e+00
6.632653061224488944e+00
9.438775510204084895e+00
1.275510204081632715e+01
1.301020408163265429e+01
9.693877551020408490e+00
6.887755102040815203e+00
4.591836734693877098e+00
2.806122448979591955e+00
1.530612244897959329e+00
7.653061224489798864e-01
5.102040816326532946e-01
7.653061224489798864e-01
1.530612244897959995e+00
2.806122448979592843e+00
4.591836734693878874e+00
6.887755102040815203e+00
9.693877551020412042e+00
1.301020408163265429e+01
1.377551020408163396e+01
1.045918367346938815e+01
7.653061224489795755e+00
5.357142857142857650e+00
3.571428571428571619e+00
2.295918367346939437e+00
1.530612244897959995e+00
1.275510204081633292e+00
1.530612244897959995e+00
2.295918367346939881e+00
3.571428571428572507e+00
5.357142857142859427e+00
7.653061224489795755e+00
1.045918367346939171e+01
1.377551020408163396e+01
1.505102040816326614e+01
1.173469387755102034e+01
8.928571428571428825e+00
6.632653061224490720e+00
4.846938775510204245e+00
3.571428571428572063e+00
2.806122448979592843e+00
2.551020408163266140e+00
2.806122448979592843e+00
3.571428571428572507e+00
4.846938775510205133e+00
6.632653061224492497e+00
8.928571428571428825e+00
1.173469387755102389e+01
1.505102040816326614e+01
1.683673469387755262e+01
1.352040816326530681e+01
1.071428571428571708e+01
8.418367346938778084e+00
6.632653061224490720e+00
5.357142857142858539e+00
4.591836734693878874e+00
4.336734693877552616e+00
4.591836734693878874e+00
5.357142857142859427e+00
6.632653061224492497e+00
8.418367346938779860e+00
1.071428571428571708e+01
1.352040816326531036e+01
1.683673469387755262e+01
1.913265306122448806e+01
1.581632653061224403e+01
1.301020408163265252e+01
1.071428571428571352e+01
8.928571428571428825e+00
7.653061224489794867e+00
6.887755102040815203e+00
6.632653061224488944e+00
6.887755102040815203e+00
7.653061224489795755e+00
8.928571428571428825e+00
1.071428571428571708e+01
1.301020408163265252e+01
1.581632653061224758e+01
1.913265306122448806e+01
2.193877551020408134e+01
1.862244897959183731e+01
1.581632653061224758e+01
1.352040816326531036e+01
1.173469387755102389e+01
1.045918367346939171e+01
9.693877551020412042e+00
9.438775510204084895e+00
9.693877551020412042e+00
1.045918367346939171e+01
1.173469387755102389e+01
1.352040816326531036e+01
1.581632653061224758e+01
1.862244897959184087e+01
2.193877551020408134e+01
2.525510204081632537e+01
2.193877551020408134e+01
1.913265306122448806e+01
1.683673469387754906e+01
1.505102040816326614e+01
1.377551020408163218e+01
1.301020408163265429e+01
1.275510204081632715e+01
1.301020408163265429e+01
1.377551020408163396e+01
1.505102040816326614e+01
1.683673469387755262e+01
1.913265306122448806e+01
2.193877551020408134e+01
2.525510204081632537e+01
2.602040816326530503e+01
2.270408163265306101e+01
1.989795918367346772e+01
1.760204081632652873e+01
1.581632653061224580e+01
1.454081632653061185e+01
1.377551020408163396e+01
1.352040816326530681e+01
1.377551020408163396e+01
1.454081632653061362e+01
1.581632653061224580e+01
1.760204081632653228e+01
1.989795918367346772e+01
2.270408163265306101e+01
2.602040816326530503e+01
2.270408163265306101e+01
1.938775510204081343e+01
1.658163265306122369e+01
1.428571428571428648e+01
1.250000000000000000e+01
1.122448979591836782e+01
1.045918367346938815e+01
1.020408163265306101e+01
1.045918367346938815e+01
1.122448979591836782e+01
1.250000000000000000e+01
1.428571428571428648e+01
1.658163265306122369e+01
1.938775510204081698e+01
2.270408163265306101e+01
1.989795918367346772e+01
1.658163265306122369e+01
1.377551020408163218e+01
1.147959183673469319e+01
9.693877551020408490e+00
8.418367346938774531e+00
7.653061224489795755e+00
7.397959183673469497e+00
7.653061224489795755e+00
8.418367346938776308e+00
9.693877551020408490e+00
1.147959183673469674e+01
1.377551020408163218e+01
1.658163265306122724e+01
1.989795918367346772e+01
1.760204081632652873e+01
1.428571428571428648e+01
1.147959183673469319e+01
9.183673469387755972e+00
7.397959183673469497e+00
6.122448979591837315e+00
5.357142857142857650e+00
5.102040816326531392e+00
5.357142857142857650e+00
6.122448979591838203e+00
7.397959183673471273e+00
9.183673469387757748e+00
1.147959183673469319e+01
1.428571428571429003e+01
1.760204081632652873e+01
1.581632653061224580e+01
1.250000000000000000e+01
9.693877551020408490e+00
7.397959183673469497e+00
5.612244897959183909e+00
4.336734693877550839e+00
3.571428571428572063e+00
3.316326530612244916e+00
3.571428571428572063e+00
4.336734693877551727e+00
5.612244897959184797e+00
7.397959183673471273e+00
9.693877551020408490e+00
1.250000000000000355e+01
1.581632653061224580e+01
1.454081632653061185e+01
1.122448979591836782e+01
8.418367346938774531e+00
6.122448979591837315e+00
4.336734693877550839e+00
3.061224489795918657e+00
2.295918367346938993e+00
2.040816326530612734e+00
2.295918367346938993e+00
3.061224489795919546e+00
4.336734693877551727e+00
6.122448979591839091e+00
8.418367346938774531e+00
1.122448979591837137e+01
1.454081632653061185e+01
1.377551020408163396e+01
1.045918367346938815e+01
7.653061224489795755e+00
5.357142857142857650e+00
3.571428571428572063e+00
2.295918367346938993e+00
1.530612244897959773e+00
1.275510204081633292e+00
1.530612244897959773e+00
2.295918367346939881e+00
3.571428571428572951e+00
5.357142857142859427e+00
7.653061224489795755e+00
1.045918367346939171e+01
1.377551020408163396e+01
1.352040816326530681e+01
1.020408163265306101e+01
7.397959183673469497e+00
5.102040816326531392e+00
3.316326530612244916e+00
2.040816326530612734e+00
1.275510204081633292e+00
1.020408163265306589e+00
1.275510204081633292e+00
2.040816326530613178e+00
3.316326530612245804e+00
5.102040816326533168e+00
7.397959183673469497e+00
1.020408163265306456e+01
1.352040816326530681e+01
1.377551020408163396e+01
1.045918367346938815e+01
7.653061224489795755e+00
5.357142857142857650e+00
3.571428571428572063e+00
2.295918367346938993e+00
1.530612244897959773e+00
1.275510204081633292e+00
1.530612244897959773e+00
2.295918367346939881e+00
3.571428571428572951e+00
5.357142857142859427e+00
7.653061224489795755e+00
1.045918367346939171e+01
1.377551020408163396e+01
1.454081632653061362e+01
1.122448979591836782e+01
8.418367346938776308e+00
6.122448979591838203e+00
4.336734693877551727e+00
3.061224489795919546e+00
2.295918367346939881e+00
2.040816326530613178e+00
2.295918367346939881e+00
3.061224489795919546e+00
4.336734693877552616e+00
6.122448979591839979e+00
8.418367346938776308e+00
1.122448979591837137e+01
1.454081632653061362e+01
1.581632653061224580e+01
1.250000000000000000e+01
9.693877551020408490e+00
7.397959183673471273e+00
5.612244897959184797e+00
4.336734693877551727e+00
3.571428571428572951e+00
3.316326530612245804e+00
3.571428571428572951e+00
4.336734693877552616e+00
5.612244897959185685e+00
7.397959183673473049e+00
9.693877551020408490e+00
1.250000000000000355e+01
1.581632653061224580e+01
1.760204081632653228e+01
1.428571428571428648e+01
1.147959183673469674e+01
9.183673469387757748e+00
7.397959183673471273e+00
6.122448979591839091e+00
5.357142857142859427e+00
5.102040816326533168e+00
5.357142857142859427e+00
6.122448979591839979e+00
7.397959183673473049e+00
9.183673469387759525e+00
1.147959183673469674e+01
1.428571428571429003e+01
1.760204081632653228e+01
1.989795918367346772e+01
1.658163265306122369e+01
1.377551020408163218e+01
1.147959183673469319e+01
9.693877551020408490e+00
8.418367346938774531e+00
7.653061224489795755e+00
7.397959183673469497e+00
7.653061224489795755e+00
8.418367346938776308e+00
9.693877551020408490e+00
1.147959183673469674e+01
1.377551020408163218e+01
1.658163265306122724e+01
1.989795918367346772e+01
2.270408163265306101e+01
1.938775510204081698e+01
1.658163265306122724e+01
1.428571428571429003e+01
1.250000000000000355e+01
1.122448979591837137e+01
1.045918367346939171e+01
1.020408163265306456e+01
1.045918367346939171e+01
1.122448979591837137e+01
1.250000000000000355e+01
1.428571428571429003e+01
1.658163265306122724e+01
1.938775510204082053e+01
2.270408163265306101e+01
2.602040816326530503e+01
2.270408163265306101e+01
1.989795918367346772e+01
1.760204081632652873e+01
1.581632653061224580e+01
1.454081632653061185e+01
1.377551020408163396e+01
1.352040816326530681e+01
1.377551020408163396e+01
1.454081632653061362e+01
1.581632653061224580e+01
1.760204081632653228e+01
1.989795918367346772e+01
2.270408163265306101e+01
2.602040816326530503e+01
2.729591836734693899e+01
2.397959183673469497e+01
2.117346938775510168e+01
1.887755102040816269e+01
1.709183673469387799e+01
1.581632653061224403e+01
1.505102040816326614e+01
1.479591836734693899e+01
1.505102040816326614e+01
1.581632653061224580e+01
1.709183673469387799e+01
1.887755102040816624e+01
2.117346938775510168e+01
2.397959183673469497e+01
2.729591836734693899e+01
2.397959183673469497e+01
2.066326530612244738e+01
1.785714285714285765e+01
1.556122448979591866e+01
1.377551020408163218e+01
1.250000000000000000e+01
1.173469387755102034e+01
1.147959183673469319e+01
1.173469387755102034e+01
1.250000000000000000e+01
1.377551020408163218e+01
1.556122448979591866e+01
1.785714285714285765e+01
2.066326530612245094e+01
2.397959183673469497e+01
2.117346938775510168e+01
1.785714285714285765e+01
1.505102040816326436e+01
1.275510204081632537e+01
1.096938775510204067e+01
9.693877551020408490e+00
8.928571428571428825e+00
8.673469387755101678e+00
8.928571428571428825e+00
9.693877551020408490e+00
1.096938775510204067e+01
1.275510204081632892e+01
1.505102040816326436e+01
1.785714285714286120e+01
2.117346938775510168e+01
1.887755102040816269e+01
1.556122448979591866e+01
1.275510204081632537e+01
1.045918367346938815e+01
8.673469387755101678e+00
7.397959183673469497e+00
6.632653061224489832e+00
6.377551020408164462e+00
6.632653061224489832e+00
7.397959183673471273e+00
8.673469387755103455e+00
1.045918367346938993e+01
1.275510204081632537e+01
1.556122448979592221e+01
1.887755102040816269e+01
1.709183673469387799e+01
1.377551020408163218e+01
1.096938775510204067e+01
8.673469387755101678e+00
6.887755102040816979e+00
5.612244897959183909e+00
4.846938775510205133e+00
4.591836734693877986e+00
4.846938775510205133e+00
5.612244897959184797e+00
6.887755102040816979e+00
8.673469387755103455e+00
1.096938775510204067e+01
1.377551020408163573e+01
1.709183673469387799e+01
1.581632653061224403e+01
1.250000000000000000e+01
9.693877551020408490e+00
7.397959183673469497e+00
5.612244897959183909e+00
4.336734693877550839e+00
3.571428571428572063e+00
3.316326530612245360e+00
3.571428571428572063e+00
4.336734693877552616e+00
5.612244897959184797e+00
7.397959183673471273e+00
9.693877551020408490e+00
1.250000000000000355e+01
1.581632653061224403e+01
1.505102040816326614e+01
1.173469387755102034e+01
8.928571428571428825e+00
6.632653061224489832e+00
4.846938775510205133e+00
3.571428571428572063e+00
2.806122448979592843e+00
2.551020408163266140e+00
2.806122448979592843e+00
3.571428571428572951e+00
4.846938775510205133e+00
6.632653061224491609e+00
8.928571428571428825e+00
1.173469387755102389e+01
1.505102040816326614e+01
1.479591836734693899e+01
1.147959183673469319e+01
8.673469387755101678e+00
6.377551020408164462e+00
4.591836734693877986e+00
3.316326530612245360e+00
2.551020408163266140e+00
2.295918367346939437e+00
2.551020408163266140e+00
3.316326530612245804e+00
4.591836734693878874e+00
6.377551020408166238e+00
8.673469387755101678e+00
1.147959183673469674e+01
1.479591836734693899e+01
1.505102040816326614e+01
1.173469387755102034e+01
8.928571428571428825e+00
6.632653061224489832e+00
4.846938775510205133e+00
3.571428571428572063e+00
2.806122448979592843e+00
2.551020408163266140e+00
2.806122448979592843e+00
3.571428571428572951e+00
4.846938775510205133e+00
6.632653061224491609e+00
8.928571428571428825e+00
1.173469387755102389e+01
1.505102040816326614e+01
1.581632653061224580e+01
1.250000000000000000e+01
9.693877551020408490e+00
7.397959183673471273e+00
5.612244897959184797e+00
4.336734693877552616e+00
3.571428571428572951e+00
3.316326530612245804e+00
3.571428571428572951e+00
4.336734693877552616e+00
5.612244897959184797e+00
7.397959183673473049e+00
9.693877551020408490e+00
1.250000000000000355e+01
1.581632653061224580e+01
1.709183673469387799e+01
1.377551020408163218e+01
1.096938775510204067e+01
8.673469387755103455e+00
6.887755102040816979e+00
5.612244897959184797e+00
4.846938775510205133e+00
4.591836734693878874e+00
4.846938775510205133e+00
5.612244897959184797e+00
6.887755102040818755e+00
8.673469387755105231e+00
1.096938775510204067e+01
1.377551020408163573e+01
1.709183673469387799e+01
1.887755102040816624e+01
1.556122448979591866e+01
1.275510204081632892e+01
1.045918367346938993e+01
8.673469387755103455e+00
7.397959183673471273e+00
6.632653061224491609e+00
6.377551020408166238e+00
6.632653061224491609e+00
7.397959183673473049e+00
8.673469387755105231e+00
1.045918367346939171e+01
1.275510204081632892e+01
1.556122448979592221e+01
1.887755102040816624e+01
2.117346938775510168e+01
1.785714285714285765e+01
1.505102040816326436e+01
1.275510204081632537e+01
1.096938775510204067e+01
9.693877551020408490e+00
8.928571428571428825e+00
8.673469387755101678e+00
8.928571428571428825e+00
9.693877551020408490e+00
1.096938775510204067e+01
1.275510204081632892e+01
1.505102040816326436e+01
1.785714285714286120e+01
2.117346938775510168e+01
2.397959183673469497e+01
2.066326530612245094e+01
1.785714285714286120e+01
1.556122448979592221e+01
1.377551020408163573e+01
1.250000000000000355e+01
1.173469387755102389e+01
1.147959183673469674e+01
1.173469387755102389e+01
1.250000000000000355e+01
1.377551020408163573e+01
1.556122448979592221e+01
1.785714285714286120e+01
2.066326530612245449e+01
2.397959183673469497e+01
2.729591836734693899e+01
2.397959183673469497e+01
2.117346938775510168e+01
1.887755102040816269e+01
1.709183673469387799e+01
1.581632653061224403e+01
1.505102040816326614e+01
1.479591836734693899e+01
1.505102040816326614e+01
1.581632653061224580e+01
1.709183673469387799e+01
1.887755102040816624e+01
2.117346938775510168e+01
2.397959183673469497e+01
2.729591836734693899e+01
2.908163265306122724e+01
2.576530612244898322e+01
2.295918367346938993e+01
2.066326530612245094e+01
1.887755102040816624e+01
1.760204081632653228e+01
1.683673469387755262e+01
1.658163265306122724e+01
1.683673469387755262e+01
1.760204081632653228e+01
1.887755102040816624e+01
2.066326530612245449e+01
2.295918367346938993e+01
2.576530612244898322e+01
2.908163265306122724e+01
2.576530612244898322e+01
2.244897959183673564e+01
1.964285714285714235e+01
1.734693877551020691e+01
1.556122448979591866e+01
1.428571428571428825e+01
1.352040816326530859e+01
1.326530612244897966e+01
1.352040816326530859e+01
1.428571428571428825e+01
1.556122448979591866e+01
1.734693877551020691e+01
1.964285714285714235e+01
2.244897959183673919e+01
2.576530612244898322e+01
2.295918367346938993e+01
1.964285714285714235e+01
1.683673469387755262e+01
1.454081632653061362e+01
1.275510204081632892e+01
1.147959183673469497e+01
1.071428571428571530e+01
1.045918367346938993e+01
1.071428571428571530e+01
1.147959183673469497e+01
1.275510204081632892e+01
1.454081632653061718e+01
1.683673469387755262e+01
1.964285714285714590e+01
2.295918367346938993e+01
2.066326530612245094e+01
1.734693877551020691e+01
1.454081632653061362e+01
1.224489795918367463e+01
1.045918367346938993e+01
9.183673469387755972e+00
8.418367346938776308e+00
8.163265306122450937e+00
8.418367346938776308e+00
9.183673469387757748e+00
1.045918367346938993e+01
1.224489795918367818e+01
1.454081632653061362e+01
1.734693877551021046e+01
2.066326530612245094e+01
1.887755102040816624e+01
1.556122448979591866e+01
1.275510204081632892e+01
1.045918367346938993e+01
8.673469387755103455e+00
7.397959183673471273e+00
6.632653061224491609e+00
6.377551020408164462e+00
6.632653061224491609e+00
7.397959183673471273e+00
8.673469387755105231e+00
1.045918367346938993e+01
1.275510204081632892e+01
1.556122448979592221e+01
1.887755102040816624e+01
1.760204081632653228e+01
1.428571428571428825e+01
1.147959183673469497e+01
9.183673469387755972e+00
7.397959183673471273e+00
6.122448979591838203e+00
5.357142857142859427e+00
5.102040816326532280e+00
5.357142857142859427e+00
6.122448979591839091e+00
7.397959183673471273e+00
9.183673469387759525e+00
1.147959183673469497e+01
1.428571428571429180e+01
1.760204081632653228e+01
1.683673469387755262e+01
1.352040816326530859e+01
1.071428571428571530e+01
8.418367346938776308e+00
6.632653061224491609e+00
5.357142857142859427e+00
4.591836734693879762e+00
4.336734693877552616e+00
4.591836734693879762e+00
5.357142857142859427e+00
6.632653061224492497e+00
8.418367346938779860e+00
1.071428571428571530e+01
1.352040816326531214e+01
1.683673469387755262e+01
1.658163265306122724e+01
1.326530612244897966e+01
1.045918367346938993e+01
8.163265306122450937e+00
6.377551020408164462e+00
5.102040816326532280e+00
4.336734693877552616e+00
4.081632653061226357e+00
4.336734693877552616e+00
5.102040816326533168e+00
6.377551020408166238e+00
8.163265306122452714e+00
1.045918367346938993e+01
1.326530612244898322e+01
1.658163265306122724e+01
1.683673469387755262e+01
1.352040816326530859e+01
1.071428571428571530e+01
8.418367346938776308e+00
6.632653061224491609e+00
5.357142857142859427e+00
4.591836734693879762e+00
4.336734693877552616e+00
4.591836734693879762e+00
5.357142857142859427e+00
6.632653061224492497e+00
8.418367346938779860e+00
1.071428571428571530e+01
1.352040816326531214e+01
1.683673469387755262e+01
1.760204081632653228e+01
1.428571428571428825e+01
1.147959183673469497e+01
9.183673469387757748e+00
7.397959183673471273e+00
6.122448979591839091e+00
5.357142857142859427e+00
5.102040816326533168e+00
5.357142857142859427e+00
6.122448979591839091e+00
7.397959183673472161e+00
9.183673469387759525e+00
1.147959183673469497e+01
1.428571428571429180e+01
1.760204081632653228e+01
1.887755102040816624e+01
1.556122448979591866e+01
1.275510204081632892e+01
1.045918367346938993e+01
8.673469387755105231e+00
7.397959183673471273e+00
6.632653061224492497e+00
6.377551020408166238e+00
6.632653061224492497e+00
7.397959183673472161e+00
8.673469387755105231e+00
1.045918367346939348e+01
1.275510204081632892e+01
1.556122448979592221e+01
1.887755102040816624e+01
2.066326530612245449e+01
1.734693877551020691e+01
1.454081632653061718e+01
1.224489795918367818e+01
1.045918367346938993e+01
9.183673469387759525e+00
8.418367346938779860e+00
8.163265306122452714e+00
8.418367346938779860e+00
9.183673469387759525e+00
1.045918367346939348e+01
1.224489795918367818e+01
1.454081632653061718e+01
1.734693877551021046e+01
2.066326530612245449e+01
2.295918367346938993e+01
1.964285714285714235e+01
1.683673469387755262e+01
1.454081632653061362e+01
1.275510204081632892e+01
1.147959183673469497e+01
1.071428571428571530e+01
1.045918367346938993e+01
1.071428571428571530e+01
1.147959183673469497e+01
1.275510204081632892e+01
1.454081632653061718e+01
1.683673469387755262e+01
1.964285714285714590e+01
2.295918367346938993e+01
2.576530612244898322e+01
2.244897959183673919e+01
1.964285714285714590e+01
1.734693877551021046e+01
1.556122448979592221e+01
1.428571428571429180e+01
1.352040816326531214e+01
1.326530612244898322e+01
1.352040816326531214e+01
1.428571428571429180e+01
1.556122448979592221e+01
1.734693877551021046e+01
1.964285714285714590e+01
2.244897959183674274e+01
2.576530612244898322e+01
2.908163265306122724e+01
2.576530612244898322e+01
2.295918367346938993e+01
2.066326530612245094e+01
1.887755102040816624e+01
1.760204081632653228e+01
1.683673469387755262e+01
1.658163265306122724e+01
1.683673469387755262e+01
1.760204081632653228e+01
1.887755102040816624e+01
2.066326530612245449e+01
2.295918367346938993e+01
2.576530612244898322e+01
2.908163265306122724e+01
3.137755102040816269e+01
2.806122448979591866e+01
2.525510204081632537e+01
2.295918367346938638e+01
2.117346938775510168e+01
1.989795918367346772e+01
1.913265306122448806e+01
1.887755102040816269e+01
1.913265306122448806e+01
1.989795918367347127e+01
2.117346938775510168e+01
2.295918367346938993e+01
2.525510204081632537e+01
2.806122448979591866e+01
3.137755102040816269e+01
2.806122448979591866e+01
2.474489795918367108e+01
2.193877551020408134e+01
1.964285714285714235e+01
1.785714285714285410e+01
1.658163265306122369e+01
1.581632653061224403e+01
1.556122448979591688e+01
1.581632653061224403e+01
1.658163265306122369e+01
1.785714285714285410e+01
1.964285714285714235e+01
2.193877551020408134e+01
2.474489795918367463e+01
2.806122448979591866e+01
2.525510204081632537e+01
2.193877551020408134e+01
1.913265306122448806e+01
1.683673469387754906e+01
1.505102040816326436e+01
1.377551020408163041e+01
1.301020408163265074e+01
1.275510204081632537e+01
1.301020408163265074e+01
1.377551020408163218e+01
1.505102040816326436e+01
1.683673469387755262e+01
1.913265306122448806e+01
2.193877551020408134e+01
2.525510204081632537e+01
2.295918367346938638e+01
1.964285714285714235e+01
1.683673469387754906e+01
1.454081632653061185e+01
1.275510204081632537e+01
1.147959183673469319e+01
1.071428571428571352e+01
1.045918367346938638e+01
1.071428571428571352e+01
1.147959183673469497e+01
1.275510204081632715e+01
1.454081632653061362e+01
1.683673469387754906e+01
1.964285714285714590e+01
2.295918367346938638e+01
2.117346938775510168e+01
1.785714285714285410e+01
1.505102040816326436e+01
1.275510204081632537e+01
1.096938775510204067e+01
9.693877551020406713e+00
8.928571428571427049e+00
8.673469387755101678e+00
8.928571428571427049e+00
9.693877551020406713e+00
1.096938775510204067e+01
1.275510204081632715e+01
1.505102040816326436e+01
1.785714285714286120e+01
2.117346938775510168e+01
1.989795918367346772e+01
1.658163265306122369e+01
1.377551020408163041e+01
1.147959183673469319e+01
9.693877551020406713e+00
8.418367346938774531e+00
7.653061224489794867e+00
7.397959183673468608e+00
7.653061224489794867e+00
8.418367346938776308e+00
9.693877551020408490e+00
1.147959183673469497e+01
1.377551020408163041e+01
1.658163265306122724e+01
1.989795918367346772e+01
1.913265306122448806e+01
1.581632653061224403e+01
1.301020408163265074e+01
1.071428571428571352e+01
8.928571428571427049e+00
7.653061224489794867e+00
6.887755102040816091e+00
6.632653061224488944e+00
6.887755102040816091e+00
7.653061224489795755e+00
8.928571428571428825e+00
1.071428571428571530e+01
1.301020408163265074e+01
1.581632653061224758e+01
1.913265306122448806e+01
1.887755102040816269e+01
1.556122448979591688e+01
1.275510204081632537e+01
1.045918367346938638e+01
8.673469387755101678e+00
7.397959183673468608e+00
6.632653061224488944e+00
6.377551020408162685e+00
6.632653061224488944e+00
7.397959183673469497e+00
8.673469387755101678e+00
1.045918367346938993e+01
1.275510204081632537e+01
1.556122448979592043e+01
1.887755102040816269e+01
1.913265306122448806e+01
1.581632653061224403e+01
1.301020408163265074e+01
1.071428571428571352e+01
8.928571428571427049e+00
7.653061224489794867e+00
6.887755102040816091e+00
6.632653061224488944e+00
6.887755102040816091e+00
7.653061224489795755e+00
8.928571428571428825e+00
1.071428571428571530e+01
1.301020408163265074e+01
1.581632653061224758e+01
1.913265306122448806e+01
1.989795918367347127e+01
1.658163265306122369e+01
1.377551020408163218e+01
1.147959183673469497e+01
9.693877551020406713e+00
8.418367346938776308e+00
7.653061224489795755e+00
7.397959183673469497e+00
7.653061224489795755e+00
8.418367346938776308e+00
9.693877551020408490e+00
1.147959183673469497e+01
1.377551020408163218e+01
1.658163265306122724e+01
1.989795918367347127e+01
2.117346938775510168e+01
1.785714285714285410e+01
1.505102040816326436e+01
1.275510204081632715e+01
1.096938775510204067e+01
9.693877551020408490e+00
8.928571428571428825e+00
8.673469387755101678e+00
8.928571428571428825e+00
9.693877551020408490e+00
1.096938775510204067e+01
1.275510204081632892e+01
1.505102040816326436e+01
1.785714285714286120e+01
2.117346938775510168e+01
2.295918367346938993e+01
1.964285714285714235e+01
1.683673469387755262e+01
1.454081632653061362e+01
1.275510204081632715e+01
1.147959183673469497e+01
1.071428571428571530e+01
1.045918367346938993e+01
1.071428571428571530e+01
1.147959183673469497e+01
1.275510204081632892e+01
1.454081632653061540e+01
1.683673469387755262e+01
1.964285714285714590e+01
2.295918367346938993e+01
2.525510204081632537e+01
2.193877551020408134e+01
1.913265306122448806e+01
1.683673469387754906e+01
1.505102040816326436e+01
1.377551020408163041e+01
1.301020408163265074e+01
1.275510204081632537e+01
1.301020408163265074e+01
1.377551020408163218e+01
1.505102040816326436e+01
1.683673469387755262e+01
1.913265306122448806e+01
2.193877551020408134e+01
2.525510204081632537e+01
2.806122448979591866e+01
2.474489795918367463e+01
2.193877551020408134e+01
1.964285714285714590e+01
1.785714285714286120e+01
1.658163265306122724e+01
1.581632653061224758e+01
1.556122448979592043e+01
1.581632653061224758e+01
1.658163265306122724e+01
1.785714285714286120e+01
1.964285714285714590e+01
2.193877551020408134e+01
2.474489795918367818e+01
2.806122448979591866e+01
3.137755102040816269e+01
2.806122448979591866e+01
2.525510204081632537e+01
2.295918367346938638e+01
2.117346938775510168e+01
1.989795918367346772e+01
1.913265306122448806e+01
1.887755102040816269e+01
1.913265306122448806e+01
1.989795918367347127e+01
2.117346938775510168e+01
2.295918367346938993e+01
2.525510204081632537e+01
2.806122448979591866e+01
3.137755102040816269e+01
3.418367346938775597e+01
3.086734693877551194e+01
2.806122448979591866e+01
2.576530612244898322e+01
2.397959183673469852e+01
2.270408163265306456e+01
2.193877551020408490e+01
2.168367346938775597e+01
2.193877551020408490e+01
2.270408163265306456e+01
2.397959183673469852e+01
2.576530612244898322e+01
2.806122448979591866e+01
3.086734693877551194e+01
3.418367346938775597e+01
3.086734693877551194e+01
2.755102040816326792e+01
2.474489795918367463e+01
2.244897959183673919e+01
2.066326530612245094e+01
1.938775510204082053e+01
1.862244897959183731e+01
1.836734693877551194e+01
1.862244897959183731e+01
1.938775510204082053e+01
2.066326530612245094e+01
2.244897959183673919e+01
2.474489795918367463e+01
2.755102040816326792e+01
3.086734693877551194e+01
2.806122448979591866e+01
2.474489795918367463e+01
2.193877551020408134e+01
1.964285714285714590e+01
1.785714285714286120e+01
1.658163265306122724e+01
1.581632653061224758e+01
1.556122448979592043e+01
1.581632653061224758e+01
1.658163265306122724e+01
1.785714285714286120e+01
1.964285714285714590e+01
2.193877551020408134e+01
2.474489795918367818e+01
2.806122448979591866e+01
2.576530612244898322e+01
2.244897959183673919e+01
1.964285714285714590e+01
1.734693877551020691e+01
1.556122448979592043e+01
1.428571428571428825e+01
1.352040816326530859e+01
1.326530612244898322e+01
1.352040816326530859e+01
1.428571428571428825e+01
1.556122448979592221e+01
1.734693877551021046e+01
1.964285714285714590e+01
2.244897959183673919e+01
2.576530612244898322e+01
2.397959183673469852e+01
2.066326530612245094e+01
1.785714285714286120e+01
1.556122448979592043e+01
1.377551020408163396e+01
1.250000000000000178e+01
1.173469387755102389e+01
1.147959183673469674e+01
1.173469387755102389e+01
1.250000000000000355e+01
1.377551020408163573e+01
1.556122448979592221e+01
1.785714285714286120e+01
2.066326530612245449e+01
2.397959183673469852e+01
2.270408163265306456e+01
1.938775510204082053e+01
1.658163265306122724e+01
1.428571428571428825e+01
1.250000000000000178e+01
1.122448979591836959e+01
1.045918367346938993e+01
1.020408163265306456e+01
1.045918367346938993e+01
1.122448979591836959e+01
1.250000000000000355e+01
1.428571428571429003e+01
1.658163265306122724e+01
1.938775510204082053e+01
2.270408163265306456e+01
2.193877551020408490e+01
1.862244897959183731e+01
1.581632653061224758e+01
1.352040816326530859e+01
1.173469387755102389e+01
1.045918367346938993e+01
9.693877551020410266e+00
9.438775510204084895e+00
9.693877551020410266e+00
1.045918367346939171e+01
1.173469387755102389e+01
1.352040816326531036e+01
1.581632653061224758e+01
1.862244897959184442e+01
2.193877551020408490e+01
2.168367346938775597e+01
1.836734693877551194e+01
1.556122448979592043e+01
1.326530612244898322e+01
1.147959183673469674e+01
1.020408163265306456e+01
9.438775510204084895e+00
9.183673469387757748e+00
9.438775510204084895e+00
1.020408163265306456e+01
1.147959183673469674e+01
1.326530612244898322e+01
1.556122448979592043e+01
1.836734693877551550e+01
2.168367346938775597e+01
2.193877551020408490e+01
1.862244897959183731e+01
1.581632653061224758e+01
1.352040816326530859e+01
1.173469387755102389e+01
1.045918367346938993e+01
9.693877551020410266e+00
9.438775510204084895e+00
9.693877551020410266e+00
1.045918367346939171e+01
1.173469387755102389e+01
1.352040816326531036e+01
1.581632653061224758e+01
1.862244897959184442e+01
2.193877551020408490e+01
2.270408163265306456e+01
1.938775510204082053e+01
1.658163265306122724e+01
1.428571428571428825e+01
1.250000000000000355e+01
1.122448979591836959e+01
1.045918367346939171e+01
1.020408163265306456e+01
1.045918367346939171e+01
1.122448979591837137e+01
1.250000000000000355e+01
1.428571428571429180e+01
1.658163265306122724e+01
1.938775510204082053e+01
2.270408163265306456e+01
2.397959183673469852e+01
2.066326530612245094e+01
1.785714285714286120e+01
1.556122448979592221e+01
1.377551020408163573e+01
1.250000000000000355e+01
1.173469387755102389e+01
1.147959183673469674e+01
1.173469387755102389e+01
1.250000000000000355e+01
1.377551020408163751e+01
1.556122448979592399e+01
1.785714285714286120e+01
2.066326530612245449e+01
2.397959183673469852e+01
2.576530612244898322e+01
2.244897959183673919e+01
1.964285714285714590e+01
1.734693877551021046e+01
1.556122448979592221e+01
1.428571428571429003e+01
1.352040816326531036e+01
1.326530612244898322e+01
1.352040816326531036e+01
1.428571428571429180e+01
1.556122448979592399e+01
1.734693877551021046e+01
1.964285714285714590e+01
2.244897959183673919e+01
2.576530612244898322e+01
2.806122448979591866e+01
2.474489795918367463e+01
2.193877551020408134e+01
1.964285714285714590e+01
1.785714285714286120e+01
1.658163265306122724e+01
1.581632653061224758e+01
1.556122448979592043e+01
1.581632653061224758e+01
1.658163265306122724e+01
1.785714285714286120e+01
1.964285714285714590e+01
2.193877551020408134e+01
2.474489795918367818e+01
2.806122448979591866e+01
3.086734693877551194e+01
2.755102040816326792e+01
2.474489795918367818e+01
2.244897959183673919e+01
2.066326530612245449e+01
1.938775510204082053e+01
1.862244897959184442e+01
1.836734693877551550e+01
1.862244897959184442e+01
1.938775510204082053e+01
2.066326530612245449e+01
2.244897959183673919e+01
2.474489795918367818e+01
2.755102040816327502e+01
3.086734693877551194e+01
3.418367346938775597e+01
3.086734693877551194e+01
2.806122448979591866e+01
2.576530612244898322e+01
2.397959183673469852e+01
2.270408163265306456e+01
2.193877551020408490e+01
2.168367346938775597e+01
2.193877551020408490e+01
2.270408163265306456e+01
2.397959183673469852e+01
2.576530612244898322e+01
2.806122448979591866e+01
3.086734693877551194e+01
3.418367346938775597e+01
3.750000000000000000e+01
3.418367346938775597e+01
3.137755102040816269e+01
2.908163265306122369e+01
2.729591836734693899e+01
2.602040816326530503e+01
2.525510204081632537e+01
2.500000000000000000e+01
2.525510204081632537e+01
2.602040816326530859e+01
2.729591836734693899e+01
2.908163265306122724e+01
3.137755102040816269e+01
3.418367346938775597e+01
3.750000000000000000e+01
3.418367346938775597e+01
3.086734693877550839e+01
2.806122448979591866e+01
2.576530612244897966e+01
2.397959183673469141e+01
2.270408163265306101e+01
2.193877551020408134e+01
2.168367346938775597e+01
2.193877551020408134e+01
2.270408163265306101e+01
2.397959183673469141e+01
2.576530612244897966e+01
2.806122448979591866e+01
3.086734693877551194e+01
3.418367346938775597e+01
3.137755102040816269e+01
2.806122448979591866e+01
2.525510204081632537e+01
2.295918367346938638e+01
2.117346938775510168e+01
1.989795918367346772e+01
1.913265306122448806e+01
1.887755102040816269e+01
1.913265306122448806e+01
1.989795918367347127e+01
2.117346938775510168e+01
2.295918367346938993e+01
2.525510204081632537e+01
2.806122448979591866e+01
3.137755102040816269e+01
2.908163265306122369e+01
2.576530612244897966e+01
2.295918367346938638e+01
2.066326530612244738e+01
1.887755102040816269e+01
1.760204081632652873e+01
1.683673469387755262e+01
1.658163265306122369e+01
1.683673469387755262e+01
1.760204081632653228e+01
1.887755102040816269e+01
2.066326530612245094e+01
2.295918367346938638e+01
2.576530612244898322e+01
2.908163265306122369e+01
2.729591836734693899e+01
2.397959183673469141e+01
2.117346938775510168e+01
1.887755102040816269e+01
1.709183673469387799e+01
1.581632653061224403e+01
1.505102040816326436e+01
1.479591836734693899e+01
1.505102040816326436e+01
1.581632653061224403e+01
1.709183673469387799e+01
1.887755102040816269e+01
2.117346938775510168e+01
2.397959183673469852e+01
2.729591836734693899e+01
2.602040816326530503e+01
2.270408163265306101e+01
1.989795918367346772e+01
1.760204081632652873e+01
1.581632653061224403e+01
1.454081632653061185e+01
1.377551020408163218e+01
1.352040816326530503e+01
1.377551020408163218e+01
1.454081632653061362e+01
1.581632653061224580e+01
1.760204081632653228e+01
1.989795918367346772e+01
2.270408163265306456e+01
2.602040816326530503e+01
2.525510204081632537e+01
2.193877551020408134e+01
1.913265306122448806e+01
1.683673469387755262e+01
1.505102040816326436e+01
1.377551020408163218e+01
1.301020408163265252e+01
1.275510204081632715e+01
1.301020408163265252e+01
1.377551020408163396e+01
1.505102040816326614e+01
1.683673469387755262e+01
1.913265306122448806e+01
2.193877551020408490e+01
2.525510204081632537e+01
2.500000000000000000e+01
2.168367346938775597e+01
1.887755102040816269e+01
1.658163265306122369e+01
1.479591836734693899e+01
1.352040816326530503e+01
1.275510204081632715e+01
1.250000000000000000e+01
1.275510204081632715e+01
1.352040816326530681e+01
1.479591836734693899e+01
1.658163265306122724e+01
1.887755102040816269e+01
2.168367346938775597e+01
2.500000000000000000e+01
2.525510204081632537e+01
2.193877551020408134e+01
1.913265306122448806e+01
1.683673469387755262e+01
1.505102040816326436e+01
1.377551020408163218e+01
1.301020408163265252e+01
1.275510204081632715e+01
1.301020408163265252e+01
1.377551020408163396e+01
1.505102040816326614e+01
1.683673469387755262e+01
1.913265306122448806e+01
2.193877551020408490e+01
2.525510204081632537e+01
2.602040816326530859e+01
2.270408163265306101e+01
1.989795918367347127e+01
1.760204081632653228e+01
1.581632653061224403e+01
1.454081632653061362e+01
1.377551020408163396e+01
1.352040816326530681e+01
1.377551020408163396e+01
1.454081632653061362e+01
1.581632653061224580e+01
1.760204081632653228e+01
1.989795918367347127e+01
2.270408163265306456e+01
2.602040816326530859e+01
2.729591836734693899e+01
2.397959183673469141e+01
2.117346938775510168e+01
1.887755102040816269e+01
1.709183673469387799e+01
1.581632653061224580e+01
1.505102040816326614e+01
1.479591836734693899e+01
1.505102040816326614e+01
1.581632653061224580e+01
1.709183673469387799e+01
1.887755102040816624e+01
2.117346938775510168e+01
2.397959183673469852e+01
2.729591836734693899e+01
2.908163265306122724e+01
2.576530612244897966e+01
2.295918367346938993e+01
2.066326530612245094e+01
1.887755102040816269e+01
1.760204081632653228e+01
1.683673469387755262e+01
1.658163265306122724e+01
1.683673469387755262e+01
1.760204081632653228e+01
1.887755102040816624e+01
2.066326530612245449e+01
2.295918367346938993e+01
2.576530612244898322e+01
2.908163265306122724e+01
3.137755102040816269e+01
2.806122448979591866e+01
2.525510204081632537e+01
2.295918367346938638e+01
2.117346938775510168e+01
1.989795918367346772e+01
1.913265306122448806e+01
1.887755102040816269e+01
1.913265306122448806e+01
1.989795918367347127e+01
2.117346938775510168e+01
2.295918367346938993e+01
2.525510204081632537e+01
2.806122448979591866e+01
3.137755102040816269e+01
3.418367346938775597e+01
3.086734693877551194e+01
2.806122448979591866e+01
2.576530612244898322e+01
2.397959183673469852e+01
2.270408163265306456e+01
2.193877551020408490e+01
2.168367346938775597e+01
2.193877551020408490e+01
2.270408163265306456e+01
2.397959183673469852e+01
2.576530612244898322e+01
2.806122448979591866e+01
3.086734693877551550e+01
3.418367346938775597e+01
3.750000000000000000e+01
3.418367346938775597e+01
3.137755102040816269e+01
2.908163265306122369e+01
2.729591836734693899e+01
2.602040816326530503e+01
2.525510204081632537e+01
2.500000000000000000e+01
2.525510204081632537e+01
2.602040816326530859e+01
2.729591836734693899e+01
2.908163265306122724e+01
3.137755102040816269e+01
3.418367346938775597e+01
3.750000000000000000e+01
