# 3375
1.875000000000000000e+02
1.709183673469387656e+02
1.568877551020408134e+02
1.454081632653061149e+02
1.364795918367346985e+02
1.301020408163265358e+02
1.262755102040816269e+02
1.250000000000000000e+02
1.262755102040816269e+02
1.301020408163265358e+02
1.364795918367346985e+02
1.454081632653061433e+02
1.568877551020408134e+02
1.709183673469387941e+02
1.875000000000000000e+02
1.709183673469387656e+02
1.543367346938775313e+02
1.403061224489795791e+02
1.288265306122448806e+02
1.198979591836734642e+02
1.135204081632653015e+02
1.096938775510204067e+02
1.084183673469387656e+02
1.096938775510204067e+02
1.135204081632653015e+02
1.198979591836734642e+02
1.288265306122449090e+02
1.403061224489795791e+02
1.543367346938775597e+02
1.709183673469387656e+02
1.568877551020408134e+02
1.403061224489795791e+02
1.262755102040816269e+02
1.147959183673469283e+02
1.058673469387755119e+02
9.948979591836734926e+01
9.566326530612244028e+01
9.438775510204081343e+01
9.566326530612244028e+01
9.948979591836734926e+01
1.058673469387755119e+02
1.147959183673469425e+02
1.262755102040816269e+02
1.403061224489796075e+02
1.568877551020408134e+02
1.454081632653061149e+02
1.288265306122448806e+02
1.147959183673469283e+02
1.033163265306122440e+02
9.438775510204081343e+01
8.801020408163265074e+01
8.418367346938775597e+01
8.290816326530611491e+01
8.418367346938775597e+01
8.801020408163265074e+01
9.438775510204081343e+01
1.033163265306122582e+02
1.147959183673469283e+02
1.288265306122449090e+02
1.454081632653061149e+02
1.364795918367346985e+02
1.198979591836734642e+02
1.058673469387755119e+02
9.438775510204081343e+01
8.545918367346938282e+01
7.908163265306122014e+01
7.525510204081632537e+01
7.397959183673469852e+01
7.525510204081632537e+01
7.908163265306123435e+01
8.545918367346939704e+01
9.438775510204082764e+01
1.058673469387755119e+02
1.198979591836734784e+02
1.364795918367346985e+02
1.301020408163265358e+02
1.135204081632653015e+02
9.948979591836734926e+01
8.801020408163265074e+01
7.908163265306122014e+01
7.270408163265305745e+01
6.887755102040816269e+01
6.760204081632653583e+01
6.887755102040816269e+01
7.270408163265305745e+01
7.908163265306123435e+01
8.801020408163266495e+01
9.948979591836734926e+01
1.135204081632653157e+02
1.301020408163265358e+02
1.262755102040816269e+02
1.096938775510204067e+02
9.566326530612244028e+01
8.418367346938775597e+01
7.525510204081632537e+01
6.887755102040816269e+01
6.505102040816326792e+01
6.377551020408163396e+01
6.505102040816326792e+01
6.887755102040816269e+01
7.525510204081632537e+01
8.418367346938777018e+01
9.566326530612244028e+01
1.096938775510204209e+02
1.262755102040816269e+02
1.250000000000000000e+02
1.084183673469387656e+02
9.438775510204081343e+01
8.290816326530611491e+01
7.397959183673469852e+01
6.760204081632653583e+01
6.377551020408163396e+01
6.250000000000000000e+01
6.377551020408163396e+01
6.760204081632653583e+01
7.397959183673469852e+01
8.290816326530612912e+01
9.438775510204081343e+01
1.084183673469387941e+02
1.250000000000000000e+02
1.262755102040816269e+02
1.096938775510204067e+02
9.566326530612244028e+01
8.418367346938775597e+01
7.525510204081632537e+01
6.887755102040816269e+01
6.505102040816326792e+01
6.377551020408163396e+01
6.505102040816326792e+01
6.887755102040816269e+01
7.525510204081632537e+01
8.418367346938777018e+01
9.566326530612244028e+01
1.096938775510204209e+02
1.262755102040816269e+02
1.301020408163265358e+02
1.135204081632653015e+02
9.948979591836734926e+01
8.801020408163265074e+01
7.908163265306123435e+01
7.270408163265305745e+01
6.887755102040816269e+01
6.760204081632653583e+01
6.887755102040816269e+01
7.270408163265307167e+01
7.908163265306123435e+01
8.801020408163266495e+01
9.948979591836734926e+01
1.135204081632653299e+02
1.301020408163265358e+02
1.364795918367346985e+02
1.198979591836734642e+02
1.058673469387755119e+02
9.438775510204081343e+01
8.545918367346939704e+01
7.908163265306123435e+01
7.525510204081632537e+01
7.397959183673469852e+01
7.525510204081632537e+01
7.908163265306123435e+01
8.545918367346939704e+01
9.438775510204082764e+01
1.058673469387755119e+02
1.198979591836734926e+02
1.364795918367346985e+02
1.454081632653061433e+02
1.288265306122449090e+02
1.147959183673469425e+02
1.033163265306122582e+02
9.438775510204082764e+01
8.801020408163266495e+01
8.418367346938777018e+01
8.290816326530612912e+01
8.418367346938777018e+01
8.801020408163266495e+01
9.438775510204082764e+01
1.033163265306122582e+02
1.147959183673469425e+02
1.288265306122449374e+02
1.454081632653061433e+02
1.568877551020408134e+02
1.403061224489795791e+02
1.262755102040816269e+02
1.147959183673469283e+02
1.058673469387755119e+02
9.948979591836734926e+01
9.566326530612244028e+01
9.438775510204081343e+01
9.566326530612244028e+01
9.948979591836734926e+01
1.058673469387755119e+02
1.147959183673469425e+02
1.262755102040816269e+02
1.403061224489796075e+02
1.568877551020408134e+02
1.709183673469387941e+02
1.543367346938775597e+02
1.403061224489796075e+02
1.288265306122449090e+02
1.198979591836734784e+02
1.135204081632653157e+02
1.096938775510204209e+02
1.084183673469387941e+02
1.096938775510204209e+02
1.135204081632653299e+02
1.198979591836734926e+02
1.288265306122449374e+02
1.403061224489796075e+02
1.543367346938775881e+02
1.709183673469387941e+02
1.875000000000000000e+02
1.709183673469387656e+02
1.568877551020408134e+02
1.454081632653061149e+02
1.364795918367346985e+02
1.301020408163265358e+02
1.262755102040816269e+02
1.250000000000000000e+02
1.262755102040816269e+02
1.301020408163265358e+02
1.364795918367346985e+02
1.454081632653061433e+02
1.568877551020408134e+02
1.709183673469387941e+02
1.875000000000000000e+02
1.709183673469387656e+02
1.543367346938775313e+02
1.403061224489795791e+02
1.288265306122448806e+02
1.198979591836734642e+02
1.135204081632653015e+02
1.096938775510204067e+02
1.084183673469387656e+02
1.096938775510204067e+02
1.135204081632653015e+02
1.198979591836734642e+02
1.288265306122449090e+02
1.403061224489795791e+02
1.543367346938775597e+02
1.709183673469387656e+02
1.543367346938775313e+02
1.377551020408163254e+02
1.237244897959183447e+02
1.122448979591836746e+02
1.033163265306122298e+02
9.693877551020406713e+01
9.311224489795918657e+01
9.183673469387754551e+01
9.311224489795918657e+01
9.693877551020408134e+01
1.033163265306122440e+02
1.122448979591836746e+02
1.237244897959183447e+02
1.377551020408163254e+02
1.543367346938775313e+02
1.403061224489795791e+02
1.237244897959183447e+02
1.096938775510203925e+02
9.821428571428570820e+01
8.928571428571427759e+01
8.290816326530611491e+01
7.908163265306122014e+01
7.780612244897957908e+01
7.908163265306122014e+01
8.290816326530611491e+01
8.928571428571427759e+01
9.821428571428572241e+01
1.096938775510203925e+02
1.237244897959183731e+02
1.403061224489795791e+02
1.288265306122448806e+02
1.122448979591836746e+02
9.821428571428570820e+01
8.673469387755102389e+01
7.780612244897957908e+01
7.142857142857141639e+01
6.760204081632653583e+01
6.632653061224489477e+01
6.760204081632653583e+01
7.142857142857143060e+01
7.780612244897959329e+01
8.673469387755102389e+01
9.821428571428570820e+01
1.122448979591836746e+02
1.288265306122448806e+02
1.198979591836734642e+02
1.033163265306122298e+02
8.928571428571427759e+01
7.780612244897957908e+01
6.887755102040816269e+01
6.250000000000000000e+01
5.867346938775509813e+01
5.739795918367346417e+01
5.867346938775509813e+01
6.250000000000000000e+01
6.887755102040816269e+01
7.780612244897960750e+01
8.928571428571427759e+01
1.033163265306122582e+02
1.198979591836734642e+02
1.135204081632653015e+02
9.693877551020406713e+01
8.290816326530611491e+01
7.142857142857141639e+01
6.250000000000000000e+01
5.612244897959183021e+01
5.229591836734693544e+01
5.102040816326530148e+01
5.229591836734693544e+01
5.612244897959183731e+01
6.250000000000000000e+01
7.142857142857143060e+01
8.290816326530611491e+01
9.693877551020409555e+01
1.135204081632653015e+02
1.096938775510204067e+02
9.311224489795918657e+01
7.908163265306122014e+01
6.760204081632653583e+01
5.867346938775509813e+01
5.229591836734693544e+01
4.846938775510204067e+01
4.719387755102040671e+01
4.846938775510204067e+01
5.229591836734694255e+01
5.867346938775510523e+01
6.760204081632653583e+01
7.908163265306122014e+01
9.311224489795918657e+01
1.096938775510204067e+02
1.084183673469387656e+02
9.183673469387754551e+01
7.780612244897957908e+01
6.632653061224489477e+01
5.739795918367346417e+01
5.102040816326530148e+01
4.719387755102040671e+01
4.591836734693877276e+01
4.719387755102040671e+01
5.102040816326530859e+01
5.739795918367347127e+01
6.632653061224490898e+01
7.780612244897957908e+01
9.183673469387755972e+01
1.084183673469387656e+02
1.096938775510204067e+02
9.311224489795918657e+01
7.908163265306122014e+01
6.760204081632653583e+01
5.867346938775509813e+01
5.229591836734693544e+01
4.846938775510204067e+01
4.719387755102040671e+01
4.846938775510204067e+01
5.229591836734694255e+01
5.867346938775510523e+01
6.760204081632653583e+01
7.908163265306122014e+01
9.311224489795918657e+01
1.096938775510204067e+02
1.135204081632653015e+02
9.693877551020408134e+01
8.290816326530611491e+01
7.142857142857143060e+01
6.250000000000000000e+01
5.612244897959183731e+01
5.229591836734694255e+01
5.102040816326530859e+01
5.229591836734694255e+01
5.612244897959183731e+01
6.250000000000000000e+01
7.142857142857144481e+01
8.290816326530611491e+01
9.693877551020409555e+01
1.135204081632653015e+02
1.198979591836734642e+02
1.033163265306122440e+02
8.928571428571427759e+01
7.780612244897959329e+01
6.887755102040816269e+01
6.250000000000000000e+01
5.867346938775510523e+01
5.739795918367347127e+01
5.867346938775510523e+01
6.250000000000000000e+01
6.887755102040816269e+01
7.780612244897960750e+01
8.928571428571427759e+01
1.033163265306122582e+02
1.198979591836734642e+02
1.288265306122449090e+02
1.122448979591836746e+02
9.821428571428572241e+01
8.673469387755102389e+01
7.780612244897960750e+01
7.142857142857143060e+01
6.760204081632653583e+01
6.632653061224490898e+01
6.760204081632653583e+01
7.142857142857144481e+01
7.780612244897960750e+01
8.673469387755103810e+01
9.821428571428572241e+01
1.122448979591837031e+02
1.288265306122449090e+02
1.403061224489795791e+02
1.237244897959183447e+02
1.096938775510203925e+02
9.821428571428570820e+01
8.928571428571427759e+01
8.290816326530611491e+01
7.908163265306122014e+01
7.780612244897957908e+01
7.908163265306122014e+01
8.290816326530611491e+01
8.928571428571427759e+01
9.821428571428572241e+01
1.096938775510203925e+02
1.237244897959183731e+02
1.403061224489795791e+02
1.543367346938775597e+02
1.377551020408163254e+02
1.237244897959183731e+02
1.122448979591836746e+02
1.033163265306122582e+02
9.693877551020409555e+01
9.311224489795918657e+01
9.183673469387755972e+01
9.311224489795918657e+01
9.693877551020409555e+01
1.033163265306122582e+02
1.122448979591837031e+02
1.237244897959183731e+02
1.377551020408163538e+02
1.543367346938775597e+02
1.709183673469387656e+02
1.543367346938775313e+02
1.403061224489795791e+02
1.288265306122448806e+02
1.198979591836734642e+02
1.135204081632653015e+02
1.096938775510204067e+02
1.084183673469387656e+02
1.096938775510204067e+02
1.135204081632653015e+02
1.198979591836734642e+02
1.288265306122449090e+02
1.403061224489795791e+02
1.543367346938775597e+02
1.709183673469387656e+02
1.568877551020408134e+02
1.403061224489795791e+02
1.262755102040816269e+02
1.147959183673469283e+02
1.058673469387755119e+02
9.948979591836734926e+01
9.566326530612244028e+01
9.438775510204081343e+01
9.566326530612244028e+01
9.948979591836734926e+01
1.058673469387755119e+02
1.147959183673469425e+02
1.262755102040816269e+02
1.403061224489796075e+02
1.568877551020408134e+02
1.403061224489795791e+02
1.237244897959183589e+02
1.096938775510203925e+02
9.821428571428570820e+01
8.928571428571427759e+01
8.290816326530611491e+01
7.908163265306122014e+01
7.780612244897957908e+01
7.908163265306122014e+01
8.290816326530611491e+01
8.928571428571427759e+01
9.821428571428572241e+01
1.096938775510203925e+02
1.237244897959183731e+02
1.403061224489795791e+02
1.262755102040816269e+02
1.096938775510203925e+02
9.566326530612244028e+01
8.418367346938774176e+01
7.525510204081632537e+01
6.887755102040816269e+01
6.505102040816325371e+01
6.377551020408162685e+01
6.505102040816325371e+01
6.887755102040816269e+01
7.525510204081632537e+01
8.418367346938775597e+01
9.566326530612244028e+01
1.096938775510204209e+02
1.262755102040816269e+02
1.147959183673469283e+02
9.821428571428570820e+01
8.418367346938774176e+01
7.270408163265305745e+01
6.377551020408162685e+01
5.739795918367346417e+01
5.357142857142856940e+01
5.229591836734693544e+01
5.357142857142856940e+01
5.739795918367346417e+01
6.377551020408163396e+01
7.270408163265307167e+01
8.418367346938774176e+01
9.821428571428572241e+01
1.147959183673469283e+02
1.058673469387755119e+02
8.928571428571427759e+01
7.525510204081632537e+01
6.377551020408162685e+01
5.484693877551019625e+01
4.846938775510203357e+01
4.464285714285713880e+01
4.336734693877550484e+01
4.464285714285713880e+01
4.846938775510204067e+01
5.484693877551020336e+01
6.377551020408164106e+01
7.525510204081632537e+01
8.928571428571429180e+01
1.058673469387755119e+02
9.948979591836734926e+01
8.290816326530611491e+01
6.887755102040816269e+01
5.739795918367346417e+01
4.846938775510203357e+01
4.209183673469387088e+01
3.826530612244897611e+01
3.698979591836734215e+01
3.826530612244897611e+01
4.209183673469387799e+01
4.846938775510204067e+01
5.739795918367347838e+01
6.887755102040816269e+01
8.290816326530612912e+01
9.948979591836734926e+01
9.566326530612244028e+01
7.908163265306122014e+01
6.505102040816325371e+01
5.357142857142856940e+01
4.464285714285713880e+01
3.826530612244897611e+01
3.443877551020408134e+01
3.316326530612244738e+01
3.443877551020408134e+01
3.826530612244897611e+01
4.464285714285714590e+01
5.357142857142858361e+01
6.505102040816325371e+01
7.908163265306123435e+01
9.566326530612244028e+01
9.438775510204081343e+01
7.780612244897957908e+01
6.377551020408162685e+01
5.229591836734693544e+01
4.336734693877550484e+01
3.698979591836734215e+01
3.316326530612244738e+01
3.188775510204081343e+01
3.316326530612244738e+01
3.698979591836734926e+01
4.336734693877551194e+01
5.229591836734694255e+01
6.377551020408162685e+01
7.780612244897960750e+01
9.438775510204081343e+01
9.566326530612244028e+01
7.908163265306122014e+01
6.505102040816325371e+01
5.357142857142856940e+01
4.464285714285713880e+01
3.826530612244897611e+01
3.443877551020408134e+01
3.316326530612244738e+01
3.443877551020408134e+01
3.826530612244897611e+01
4.464285714285714590e+01
5.357142857142858361e+01
6.505102040816325371e+01
7.908163265306123435e+01
9.566326530612244028e+01
9.948979591836734926e+01
8.290816326530611491e+01
6.887755102040816269e+01
5.739795918367346417e+01
4.846938775510204067e+01
4.209183673469387799e+01
3.826530612244897611e+01
3.698979591836734926e+01
3.826530612244897611e+01
4.209183673469387799e+01
4.846938775510204778e+01
5.739795918367347838e+01
6.887755102040816269e+01
8.290816326530614333e+01
9.948979591836734926e+01
1.058673469387755119e+02
8.928571428571427759e+01
7.525510204081632537e+01
6.377551020408163396e+01
5.484693877551020336e+01
4.846938775510204067e+01
4.464285714285714590e+01
4.336734693877551194e+01
4.464285714285714590e+01
4.846938775510204778e+01
5.484693877551021046e+01
6.377551020408164106e+01
7.525510204081632537e+01
8.928571428571430602e+01
1.058673469387755119e+02
1.147959183673469425e+02
9.821428571428572241e+01
8.418367346938775597e+01
7.270408163265307167e+01
6.377551020408164106e+01
5.739795918367347838e+01
5.357142857142858361e+01
5.229591836734694255e+01
5.357142857142858361e+01
5.739795918367347838e+01
6.377551020408164106e+01
7.270408163265307167e+01
8.418367346938775597e+01
9.821428571428573662e+01
1.147959183673469425e+02
1.262755102040816269e+02
1.096938775510203925e+02
9.566326530612244028e+01
8.418367346938774176e+01
7.525510204081632537e+01
6.887755102040816269e+01
6.505102040816325371e+01
6.377551020408162685e+01
6.505102040816325371e+01
6.887755102040816269e+01
7.525510204081632537e+01
8.418367346938775597e+01
9.566326530612244028e+01
1.096938775510204209e+02
1.262755102040816269e+02
1.403061224489796075e+02
1.237244897959183731e+02
1.096938775510204209e+02
9.821428571428572241e+01
8.928571428571429180e+01
8.290816326530612912e+01
7.908163265306123435e+01
7.780612244897960750e+01
7.908163265306123435e+01
8.290816326530614333e+01
8.928571428571430602e+01
9.821428571428573662e+01
1.096938775510204209e+02
1.237244897959183874e+02
1.403061224489796075e+02
1.568877551020408134e+02
1.403061224489795791e+02
1.262755102040816269e+02
1.147959183673469283e+02
1.058673469387755119e+02
9.948979591836734926e+01
9.566326530612244028e+01
9.438775510204081343e+01
9.566326530612244028e+01
9.948979591836734926e+01
1.058673469387755119e+02
1.147959183673469425e+02
1.262755102040816269e+02
1.403061224489796075e+02
1.568877551020408134e+02
1.454081632653061149e+02
1.288265306122448806e+02
1.147959183673469283e+02
1.033163265306122298e+02
9.438775510204081343e+01
8.801020408163265074e+01
8.418367346938775597e+01
8.290816326530611491e+01
8.418367346938775597e+01
8.801020408163265074e+01
9.438775510204081343e+01
1.033163265306122582e+02
1.147959183673469283e+02
1.288265306122449090e+02
1.454081632653061149e+02
1.288265306122448806e+02
1.122448979591836746e+02
9.821428571428569398e+01
8.673469387755102389e+01
7.780612244897957908e+01
7.142857142857141639e+01
6.760204081632653583e+01
6.632653061224489477e+01
6.760204081632653583e+01
7.142857142857143060e+01
7.780612244897959329e+01
8.673469387755102389e+01
9.821428571428569398e+01
1.122448979591836746e+02
1.288265306122448806e+02
1.147959183673469283e+02
9.821428571428569398e+01
8.418367346938774176e+01
7.270408163265305745e+01
6.377551020408162685e+01
5.739795918367346417e+01
5.357142857142856940e+01
5.229591836734693544e+01
5.357142857142856940e+01
5.739795918367347127e+01
6.377551020408163396e+01
7.270408163265307167e+01
8.418367346938774176e+01
9.821428571428572241e+01
1.147959183673469283e+02
1.033163265306122298e+02
8.673469387755102389e+01
7.270408163265305745e+01
6.122448979591836604e+01
5.229591836734693544e+01
4.591836734693877276e+01
4.209183673469387799e+01
4.081632653061224403e+01
4.209183673469387799e+01
4.591836734693877986e+01
5.229591836734694255e+01
6.122448979591838025e+01
7.270408163265305745e+01
8.673469387755102389e+01
1.033163265306122298e+02
9.438775510204081343e+01
7.780612244897957908e+01
6.377551020408162685e+01
5.229591836734693544e+01
4.336734693877551194e+01
3.698979591836734926e+01
3.316326530612244738e+01
3.188775510204081343e+01
3.316326530612244738e+01
3.698979591836734926e+01
4.336734693877551194e+01
5.229591836734694965e+01
6.377551020408162685e+01
7.780612244897960750e+01
9.438775510204081343e+01
8.801020408163265074e+01
7.142857142857141639e+01
5.739795918367346417e+01
4.591836734693877276e+01
3.698979591836734926e+01
3.061224489795917947e+01
2.678571428571428470e+01
2.551020408163265074e+01
2.678571428571428470e+01
3.061224489795918657e+01
3.698979591836734926e+01
4.591836734693877986e+01
5.739795918367346417e+01
7.142857142857144481e+01
8.801020408163265074e+01
8.418367346938775597e+01
6.760204081632653583e+01
5.357142857142856940e+01
4.209183673469387799e+01
3.316326530612244738e+01
2.678571428571428470e+01
2.295918367346938993e+01
2.168367346938775597e+01
2.295918367346938993e+01
2.678571428571428825e+01
3.316326530612245449e+01
4.209183673469388509e+01
5.357142857142856940e+01
6.760204081632653583e+01
8.418367346938775597e+01
8.290816326530611491e+01
6.632653061224489477e+01
5.229591836734693544e+01
4.081632653061224403e+01
3.188775510204081343e+01
2.551020408163265074e+01
2.168367346938775597e+01
2.040816326530612201e+01
2.168367346938775597e+01
2.551020408163265429e+01
3.188775510204082053e+01
4.081632653061225824e+01
5.229591836734693544e+01
6.632653061224490898e+01
8.290816326530611491e+01
8.418367346938775597e+01
6.760204081632653583e+01
5.357142857142856940e+01
4.209183673469387799e+01
3.316326530612244738e+01
2.678571428571428470e+01
2.295918367346938993e+01
2.168367346938775597e+01
2.295918367346938993e+01
2.678571428571428825e+01
3.316326530612245449e+01
4.209183673469388509e+01
5.357142857142856940e+01
6.760204081632653583e+01
8.418367346938775597e+01
8.801020408163265074e+01
7.142857142857143060e+01
5.739795918367347127e+01
4.591836734693877986e+01
3.698979591836734926e+01
3.061224489795918657e+01
2.678571428571428825e+01
2.551020408163265429e+01
2.678571428571428825e+01
3.061224489795918657e+01
3.698979591836734926e+01
4.591836734693878697e+01
5.739795918367347127e+01
7.142857142857144481e+01
8.801020408163265074e+01
9.438775510204081343e+01
7.780612244897959329e+01
6.377551020408163396e+01
5.229591836734694255e+01
4.336734693877551194e+01
3.698979591836734926e+01
3.316326530612245449e+01
3.188775510204082053e+01
3.316326530612245449e+01
3.698979591836734926e+01
4.336734693877551194e+01
5.229591836734694965e+01
6.377551020408163396e+01
7.780612244897960750e+01
9.438775510204081343e+01
1.033163265306122582e+02
8.673469387755102389e+01
7.270408163265307167e+01
6.122448979591838025e+01
5.229591836734694965e+01
4.591836734693877986e+01
4.209183673469388509e+01
4.081632653061225824e+01
4.209183673469388509e+01
4.591836734693878697e+01
5.229591836734694965e+01
6.122448979591838736e+01
7.270408163265307167e+01
8.673469387755105231e+01
1.033163265306122582e+02
1.147959183673469283e+02
9.821428571428569398e+01
8.418367346938774176e+01
7.270408163265305745e+01
6.377551020408162685e+01
5.739795918367346417e+01
5.357142857142856940e+01
5.229591836734693544e+01
5.357142857142856940e+01
5.739795918367347127e+01
6.377551020408163396e+01
7.270408163265307167e+01
8.418367346938774176e+01
9.821428571428572241e+01
1.147959183673469283e+02
1.288265306122449090e+02
1.122448979591836746e+02
9.821428571428572241e+01
8.673469387755102389e+01
7.780612244897960750e+01
7.142857142857144481e+01
6.760204081632653583e+01
6.632653061224490898e+01
6.760204081632653583e+01
7.142857142857144481e+01
7.780612244897960750e+01
8.673469387755105231e+01
9.821428571428572241e+01
1.122448979591837031e+02
1.288265306122449090e+02
1.454081632653061149e+02
1.288265306122448806e+02
1.147959183673469283e+02
1.033163265306122298e+02
9.438775510204081343e+01
8.801020408163265074e+01
8.418367346938775597e+01
8.290816326530611491e+01
8.418367346938775597e+01
8.801020408163265074e+01
9.438775510204081343e+01
1.033163265306122582e+02
1.147959183673469283e+02
1.288265306122449090e+02
1.454081632653061149e+02
1.364795918367346985e+02
1.198979591836734642e+02
1.058673469387755119e+02
9.438775510204081343e+01
8.545918367346939704e+01
7.908163265306123435e+01
7.525510204081632537e+01
7.397959183673469852e+01
7.525510204081632537e+01
7.908163265306123435e+01
8.545918367346939704e+01
9.438775510204082764e+01
1.058673469387755119e+02
1.198979591836734926e+02
1.364795918367346985e+02
1.198979591836734642e+02
1.033163265306122440e+02
8.928571428571427759e+01
7.780612244897959329e+01
6.887755102040816269e+01
6.249999999999999289e+01
5.867346938775509813e+01
5.739795918367346417e+01
5.867346938775509813e+01
6.250000000000000000e+01
6.887755102040816269e+01
7.780612244897960750e+01
8.928571428571427759e+01
1.033163265306122582e+02
1.198979591836734642e+02
1.058673469387755119e+02
8.928571428571427759e+01
7.525510204081632537e+01
6.377551020408162685e+01
5.484693877551019625e+01
4.846938775510203357e+01
4.464285714285713880e+01
4.336734693877550484e+01
4.464285714285713880e+01
4.846938775510204067e+01
5.484693877551020336e+01
6.377551020408163396e+01
7.525510204081632537e+01
8.928571428571430602e+01
1.058673469387755119e+02
9.438775510204081343e+01
7.780612244897959329e+01
6.377551020408162685e+01
5.229591836734693544e+01
4.336734693877550484e+01
3.698979591836734215e+01
3.316326530612244738e+01
3.188775510204081343e+01
3.316326530612244738e+01
3.698979591836734926e+01
4.336734693877551194e+01
5.229591836734694965e+01
6.377551020408162685e+01
7.780612244897960750e+01
9.438775510204081343e+01
8.545918367346939704e+01
6.887755102040816269e+01
5.484693877551019625e+01
4.336734693877550484e+01
3.443877551020408134e+01
2.806122448979591866e+01
2.423469387755102034e+01
2.295918367346938638e+01
2.423469387755102034e+01
2.806122448979591866e+01
3.443877551020408134e+01
4.336734693877551905e+01
5.484693877551019625e+01
6.887755102040817690e+01
8.545918367346939704e+01
7.908163265306123435e+01
6.249999999999999289e+01
4.846938775510203357e+01
3.698979591836734215e+01
2.806122448979591866e+01
2.168367346938775242e+01
1.785714285714285410e+01
1.658163265306122369e+01
1.785714285714285410e+01
2.168367346938775597e+01
2.806122448979591866e+01
3.698979591836735636e+01
4.846938775510203357e+01
6.250000000000000711e+01
7.908163265306123435e+01
7.525510204081632537e+01
5.867346938775509813e+01
4.464285714285713880e+01
3.316326530612244738e+01
2.423469387755102034e+01
1.785714285714285410e+01
1.403061224489795933e+01
1.275510204081632715e+01
1.403061224489795933e+01
1.785714285714286120e+01
2.423469387755102389e+01
3.316326530612246160e+01
4.464285714285713880e+01
5.867346938775511234e+01
7.525510204081632537e+01
7.397959183673469852e+01
5.739795918367346417e+01
4.336734693877550484e+01
3.188775510204081343e+01
2.295918367346938638e+01
1.658163265306122369e+01
1.275510204081632715e+01
1.147959183673469319e+01
1.275510204081632715e+01
1.658163265306122724e+01
2.295918367346938993e+01
3.188775510204082764e+01
4.336734693877550484e+01
5.739795918367347838e+01
7.397959183673469852e+01
7.525510204081632537e+01
5.867346938775509813e+01
4.464285714285713880e+01
3.316326530612244738e+01
2.423469387755102034e+01
1.785714285714285410e+01
1.403061224489795933e+01
1.275510204081632715e+01
1.403061224489795933e+01
1.785714285714286120e+01
2.423469387755102389e+01
3.316326530612246160e+01
4.464285714285713880e+01
5.867346938775511234e+01
7.525510204081632537e+01
7.908163265306123435e+01
6.250000000000000000e+01
4.846938775510204067e+01
3.698979591836734926e+01
2.806122448979591866e+01
2.168367346938775597e+01
1.785714285714286120e+01
1.658163265306122724e+01
1.785714285714286120e+01
2.168367346938775952e+01
2.806122448979592576e+01
3.698979591836735636e+01
4.846938775510204067e+01
6.250000000000001421e+01
7.908163265306123435e+01
8.545918367346939704e+01
6.887755102040816269e+01
5.484693877551020336e+01
4.336734693877551194e+01
3.443877551020408134e+01
2.806122448979591866e+01
2.423469387755102389e+01
2.295918367346938993e+01
2.423469387755102389e+01
2.806122448979592576e+01
3.443877551020408845e+01
4.336734693877551905e+01
5.484693877551020336e+01
6.887755102040817690e+01
8.545918367346939704e+01
9.438775510204082764e+01
7.780612244897960750e+01
6.377551020408163396e+01
5.229591836734694965e+01
4.336734693877551905e+01
3.698979591836735636e+01
3.316326530612246160e+01
3.188775510204082764e+01
3.316326530612246160e+01
3.698979591836735636e+01
4.336734693877551905e+01
5.229591836734695676e+01
6.377551020408163396e+01
7.780612244897962171e+01
9.438775510204082764e+01
1.058673469387755119e+02
8.928571428571427759e+01
7.525510204081632537e+01
6.377551020408162685e+01
5.484693877551019625e+01
4.846938775510203357e+01
4.464285714285713880e+01
4.336734693877550484e+01
4.464285714285713880e+01
4.846938775510204067e+01
5.484693877551020336e+01
6.377551020408163396e+01
7.525510204081632537e+01
8.928571428571430602e+01
1.058673469387755119e+02
1.198979591836734926e+02
1.033163265306122582e+02
8.928571428571430602e+01
7.780612244897960750e+01
6.887755102040817690e+01
6.250000000000000711e+01
5.867346938775511234e+01
5.739795918367347838e+01
5.867346938775511234e+01
6.250000000000001421e+01
6.887755102040817690e+01
7.780612244897962171e+01
8.928571428571430602e+01
1.033163265306122724e+02
1.198979591836734926e+02
1.364795918367346985e+02
1.198979591836734642e+02
1.058673469387755119e+02
9.438775510204081343e+01
8.545918367346939704e+01
7.908163265306123435e+01
7.525510204081632537e+01
7.397959183673469852e+01
7.525510204081632537e+01
7.908163265306123435e+01
8.545918367346939704e+01
9.438775510204082764e+01
1.058673469387755119e+02
1.198979591836734926e+02
1.364795918367346985e+02
1.301020408163265358e+02
1.135204081632653015e+02
9.948979591836734926e+01
8.801020408163265074e+01
7.908163265306123435e+01
7.270408163265307167e+01
6.887755102040816269e+01
6.760204081632653583e+01
6.887755102040816269e+01
7.270408163265307167e+01
7.908163265306123435e+01
8.801020408163266495e+01
9.948979591836734926e+01
1.135204081632653299e+02
1.301020408163265358e+02
1.135204081632653015e+02
9.693877551020408134e+01
8.290816326530611491e+01
7.142857142857143060e+01
6.249999999999999289e+01
5.612244897959183021e+01
5.229591836734693544e+01
5.102040816326530148e+01
5.229591836734693544e+01
5.612244897959183731e+01
6.250000000000000000e+01
7.142857142857144481e+01
8.290816326530611491e+01
9.693877551020409555e+01
1.135204081632653015e+02
9.948979591836734926e+01
8.290816326530611491e+01
6.887755102040816269e+01
5.739795918367346417e+01
4.846938775510203357e+01
4.209183673469387088e+01
3.826530612244897611e+01
3.698979591836734215e+01
3.826530612244897611e+01
4.209183673469387799e+01
4.846938775510204067e+01
5.739795918367347127e+01
6.887755102040816269e+01
8.290816326530614333e+01
9.948979591836734926e+01
8.801020408163265074e+01
7.142857142857143060e+01
5.739795918367346417e+01
4.591836734693877276e+01
3.698979591836734215e+01
3.061224489795917947e+01
2.678571428571428470e+01
2.551020408163265074e+01
2.678571428571428470e+01
3.061224489795918302e+01
3.698979591836734926e+01
4.591836734693878697e+01
5.739795918367346417e+01
7.142857142857144481e+01
8.801020408163265074e+01
7.908163265306123435e+01
6.249999999999999289e+01
4.846938775510203357e+01
3.698979591836734215e+01
2.806122448979591510e+01
2.168367346938775242e+01
1.785714285714285765e+01
1.658163265306122369e+01
1.785714285714285765e+01
2.168367346938775597e+01
2.806122448979591866e+01
3.698979591836735636e+01
4.846938775510203357e+01
6.250000000000000711e+01
7.908163265306123435e+01
7.270408163265307167e+01
5.612244897959183021e+01
4.209183673469387088e+01
3.061224489795917947e+01
2.168367346938775242e+01
1.530612244897958973e+01
1.147959183673469141e+01
1.020408163265305923e+01
1.147959183673469141e+01
1.530612244897959329e+01
2.168367346938775597e+01
3.061224489795919013e+01
4.209183673469387088e+01
5.612244897959184442e+01
7.270408163265307167e+01
6.887755102040816269e+01
5.229591836734693544e+01
3.826530612244897611e+01
2.678571428571428470e+01
1.785714285714285765e+01
1.147959183673469141e+01
7.653061224489796643e+00
6.377551020408162685e+00
7.653061224489796643e+00
1.147959183673469497e+01
1.785714285714286120e+01
2.678571428571429536e+01
3.826530612244897611e+01
5.229591836734694965e+01
6.887755102040816269e+01
6.760204081632653583e+01
5.102040816326530148e+01
3.698979591836734215e+01
2.551020408163265074e+01
1.658163265306122369e+01
1.020408163265305923e+01
6.377551020408162685e+00
5.102040816326529615e+00
6.377551020408162685e+00
1.020408163265306278e+01
1.658163265306122724e+01
2.551020408163266140e+01
3.698979591836734215e+01
5.102040816326531569e+01
6.760204081632653583e+01
6.887755102040816269e+01
5.229591836734693544e+01
3.826530612244897611e+01
2.678571428571428470e+01
1.785714285714285765e+01
1.147959183673469141e+01
7.653061224489796643e+00
6.377551020408162685e+00
7.653061224489796643e+00
1.147959183673469497e+01
1.785714285714286120e+01
2.678571428571429536e+01
3.826530612244897611e+01
5.229591836734694965e+01
6.887755102040816269e+01
7.270408163265307167e+01
5.612244897959183731e+01
4.209183673469387799e+01
3.061224489795918302e+01
2.168367346938775597e+01
1.530612244897959329e+01
1.147959183673469497e+01
1.020408163265306278e+01
1.147959183673469497e+01
1.530612244897959684e+01
2.168367346938775952e+01
3.061224489795919368e+01
4.209183673469387799e+01
5.612244897959185153e+01
7.270408163265307167e+01
7.908163265306123435e+01
6.250000000000000000e+01
4.846938775510204067e+01
3.698979591836734926e+01
2.806122448979591866e+01
2.168367346938775597e+01
1.785714285714286120e+01
1.658163265306122724e+01
1.785714285714286120e+01
2.168367346938775952e+01
2.806122448979592221e+01
3.698979591836735636e+01
4.846938775510204067e+01
6.250000000000001421e+01
7.908163265306123435e+01
8.801020408163266495e+01
7.142857142857144481e+01
5.739795918367347127e+01
4.591836734693878697e+01
3.698979591836735636e+01
3.061224489795919013e+01
2.678571428571429536e+01
2.551020408163266140e+01
2.678571428571429536e+01
3.061224489795919368e+01
3.698979591836735636e+01
4.591836734693879407e+01
5.739795918367347127e+01
7.142857142857145902e+01
8.801020408163266495e+01
9.948979591836734926e+01
8.290816326530611491e+01
6.887755102040816269e+01
5.739795918367346417e+01
4.846938775510203357e+01
4.209183673469387088e+01
3.826530612244897611e+01
3.698979591836734215e+01
3.826530612244897611e+01
4.209183673469387799e+01
4.846938775510204067e+01
5.739795918367347127e+01
6.887755102040816269e+01
8.290816326530614333e+01
9.948979591836734926e+01
1.135204081632653299e+02
9.693877551020409555e+01
8.290816326530614333e+01
7.142857142857144481e+01
6.250000000000000711e+01
5.612244897959184442e+01
5.229591836734694965e+01
5.102040816326531569e+01
5.229591836734694965e+01
5.612244897959185153e+01
6.250000000000001421e+01
7.142857142857145902e+01
8.290816326530614333e+01
9.693877551020410976e+01
1.135204081632653299e+02
1.301020408163265358e+02
1.135204081632653015e+02
9.948979591836734926e+01
8.801020408163265074e+01
7.908163265306123435e+01
7.270408163265307167e+01
6.887755102040816269e+01
6.760204081632653583e+01
6.887755102040816269e+01
7.270408163265307167e+01
7.908163265306123435e+01
8.801020408163266495e+01
9.948979591836734926e+01
1.135204081632653299e+02
1.301020408163265358e+02
1.262755102040816269e+02
1.096938775510203925e+02
9.566326530612244028e+01
8.418367346938774176e+01
7.525510204081632537e+01
6.887755102040816269e+01
6.505102040816326792e+01
6.377551020408163396e+01
6.505102040816326792e+01
6.887755102040816269e+01
7.525510204081632537e+01
8.418367346938775597e+01
9.566326530612244028e+01
1.096938775510204209e+02
1.262755102040816269e+02
1.096938775510203925e+02
9.311224489795917236e+01
7.908163265306120593e+01
6.760204081632652162e+01
5.867346938775509813e+01
5.229591836734693544e+01
4.846938775510204067e+01
4.719387755102040671e+01
4.846938775510204067e+01
5.229591836734694255e+01
5.867346938775510523e+01
6.760204081632653583e+01
7.908163265306120593e+01
9.311224489795918657e+01
1.096938775510203925e+02
9.566326530612244028e+01
7.908163265306120593e+01
6.505102040816325371e+01
5.357142857142856940e+01
4.464285714285713880e+01
3.826530612244897611e+01
3.443877551020408134e+01
3.316326530612244738e+01
3.443877551020408134e+01
3.826530612244898322e+01
4.464285714285714590e+01
5.357142857142857650e+01
6.505102040816325371e+01
7.908163265306123435e+01
9.566326530612244028e+01
8.418367346938774176e+01
6.760204081632652162e+01
5.357142857142856940e+01
4.209183673469387799e+01
3.316326530612244738e+01
2.678571428571428470e+01
2.295918367346938993e+01
2.168367346938775597e+01
2.295918367346938993e+01
2.678571428571428825e+01
3.316326530612245449e+01
4.209183673469389220e+01
5.357142857142856940e+01
6.760204081632653583e+01
8.418367346938774176e+01
7.525510204081632537e+01
5.867346938775509813e+01
4.464285714285713880e+01
3.316326530612244738e+01
2.423469387755102034e+01
1.785714285714285765e+01
1.403061224489796111e+01
1.275510204081632715e+01
1.403061224489796111e+01
1.785714285714286120e+01
2.423469387755102389e+01
3.316326530612246160e+01
4.464285714285713880e+01
5.867346938775511234e+01
7.525510204081632537e+01
6.887755102040816269e+01
5.229591836734693544e+01
3.826530612244897611e+01
2.678571428571428470e+01
1.785714285714285765e+01
1.147959183673469319e+01
7.653061224489795755e+00
6.377551020408162685e+00
7.653061224489795755e+00
1.147959183673469674e+01
1.785714285714286120e+01
2.678571428571429536e+01
3.826530612244897611e+01
5.229591836734694965e+01
6.887755102040816269e+01
6.505102040816326792e+01
4.846938775510204067e+01
3.443877551020408134e+01
2.295918367346938993e+01
1.403061224489796111e+01
7.653061224489795755e+00
3.826530612244900098e+00
2.551020408163266584e+00
3.826530612244900098e+00
7.653061224489799308e+00
1.403061224489796466e+01
2.295918367346940059e+01
3.443877551020408134e+01
4.846938775510205488e+01
6.505102040816326792e+01
6.377551020408163396e+01
4.719387755102040671e+01
3.316326530612244738e+01
2.168367346938775597e+01
1.275510204081632715e+01
6.377551020408162685e+00
2.551020408163266584e+00
1.275510204081633292e+00
2.551020408163266584e+00
6.377551020408166238e+00
1.275510204081633070e+01
2.168367346938776663e+01
3.316326530612244738e+01
4.719387755102042092e+01
6.377551020408163396e+01
6.505102040816326792e+01
4.846938775510204067e+01
3.443877551020408134e+01
2.295918367346938993e+01
1.403061224489796111e+01
7.653061224489795755e+00
3.826530612244900098e+00
2.551020408163266584e+00
3.826530612244900098e+00
7.653061224489799308e+00
1.403061224489796466e+01
2.295918367346940059e+01
3.443877551020408134e+01
4.846938775510205488e+01
6.505102040816326792e+01
6.887755102040816269e+01
5.229591836734694255e+01
3.826530612244898322e+01
2.678571428571428825e+01
1.785714285714286120e+01
1.147959183673469674e+01
7.653061224489799308e+00
6.377551020408166238e+00
7.653061224489799308e+00
1.147959183673470029e+01
1.785714285714286476e+01
2.678571428571429891e+01
3.826530612244898322e+01
5.229591836734695676e+01
6.887755102040816269e+01
7.525510204081632537e+01
5.867346938775510523e+01
4.464285714285714590e+01
3.316326530612245449e+01
2.423469387755102389e+01
1.785714285714286120e+01
1.403061224489796466e+01
1.275510204081633070e+01
1.403061224489796466e+01
1.785714285714286476e+01
2.423469387755102744e+01
3.316326530612246160e+01
4.464285714285714590e+01
5.867346938775511944e+01
7.525510204081632537e+01
8.418367346938775597e+01
6.760204081632653583e+01
5.357142857142857650e+01
4.209183673469389220e+01
3.316326530612246160e+01
2.678571428571429536e+01
2.295918367346940059e+01
2.168367346938776663e+01
2.295918367346940059e+01
2.678571428571429891e+01
3.316326530612246160e+01
4.209183673469389930e+01
5.357142857142857650e+01
6.760204081632655004e+01
8.418367346938775597e+01
9.566326530612244028e+01
7.908163265306120593e+01
6.505102040816325371e+01
5.357142857142856940e+01
4.464285714285713880e+01
3.826530612244897611e+01
3.443877551020408134e+01
3.316326530612244738e+01
3.443877551020408134e+01
3.826530612244898322e+01
4.464285714285714590e+01
5.357142857142857650e+01
6.505102040816325371e+01
7.908163265306123435e+01
9.566326530612244028e+01
1.096938775510204209e+02
9.311224489795918657e+01
7.908163265306123435e+01
6.760204081632653583e+01
5.867346938775511234e+01
5.229591836734694965e+01
4.846938775510205488e+01
4.719387755102042092e+01
4.846938775510205488e+01
5.229591836734695676e+01
5.867346938775511944e+01
6.760204081632655004e+01
7.908163265306123435e+01
9.311224489795920078e+01
1.096938775510204209e+02
1.262755102040816269e+02
1.096938775510203925e+02
9.566326530612244028e+01
8.418367346938774176e+01
7.525510204081632537e+01
6.887755102040816269e+01
6.505102040816326792e+01
6.377551020408163396e+01
6.505102040816326792e+01
6.887755102040816269e+01
7.525510204081632537e+01
8.418367346938775597e+01
9.566326530612244028e+01
1.096938775510204209e+02
1.262755102040816269e+02
1.250000000000000000e+02
1.084183673469387656e+02
9.438775510204081343e+01
8.290816326530611491e+01
7.397959183673469852e+01
6.760204081632653583e+01
6.377551020408163396e+01
6.250000000000000000e+01
6.377551020408163396e+01
6.760204081632653583e+01
7.397959183673469852e+01
8.290816326530612912e+01
9.438775510204081343e+01
1.084183673469387941e+02
1.250000000000000000e+02
1.084183673469387656e+02
9.183673469387754551e+01
7.780612244897957908e+01
6.632653061224489477e+01
5.739795918367346417e+01
5.102040816326530148e+01
4.719387755102040671e+01
4.591836734693877276e+01
4.719387755102040671e+01
5.102040816326530859e+01
5.739795918367347127e+01
6.632653061224490898e+01
7.780612244897957908e+01
9.183673469387755972e+01
1.084183673469387656e+02
9.438775510204081343e+01
7.780612244897957908e+01
6.377551020408162685e+01
5.229591836734693544e+01
4.336734693877550484e+01
3.698979591836734215e+01
3.316326530612244738e+01
3.188775510204081343e+01
3.316326530612244738e+01
3.698979591836734926e+01
4.336734693877551194e+01
5.229591836734694255e+01
6.377551020408162685e+01
7.780612244897960750e+01
9.438775510204081343e+01
8.290816326530611491e+01
6.632653061224489477e+01
5.229591836734693544e+01
4.081632653061224403e+01
3.188775510204081343e+01
2.551020408163265074e+01
2.168367346938775597e+01
2.040816326530612201e+01
2.168367346938775597e+01
2.551020408163265429e+01
3.188775510204082053e+01
4.081632653061225824e+01
5.229591836734693544e+01
6.632653061224490898e+01
8.290816326530611491e+01
7.397959183673469852e+01
5.739795918367346417e+01
4.336734693877550484e+01
3.188775510204081343e+01
2.295918367346938638e+01
1.658163265306122369e+01
1.275510204081632715e+01
1.147959183673469319e+01
1.275510204081632715e+01
1.658163265306122724e+01
2.295918367346938993e+01
3.188775510204082764e+01
4.336734693877550484e+01
5.739795918367347838e+01
7.397959183673469852e+01
6.760204081632653583e+01
5.102040816326530148e+01
3.698979591836734215e+01
2.551020408163265074e+01
1.658163265306122369e+01
1.020408163265305923e+01
6.377551020408162685e+00
5.102040816326529615e+00
6.377551020408162685e+00
1.020408163265306278e+01
1.658163265306122724e+01
2.551020408163266140e+01
3.698979591836734215e+01
5.102040816326531569e+01
6.760204081632653583e+01
6.377551020408163396e+01
4.719387755102040671e+01
3.316326530612244738e+01
2.168367346938775597e+01
1.275510204081632715e+01
6.377551020408162685e+00
2.551020408163266584e+00
1.275510204081633292e+00
2.551020408163266584e+00
6.377551020408166238e+00
1.275510204081633070e+01
2.168367346938776663e+01
3.316326530612244738e+01
4.719387755102042092e+01
6.377551020408163396e+01
6.250000000000000000e+01
4.591836734693877276e+01
3.188775510204081343e+01
2.040816326530612201e+01
1.147959183673469319e+01
5.102040816326529615e+00
1.275510204081633292e+00
0.000000000000000000e+00
1.275510204081633292e+00
5.102040816326533168e+00
1.147959183673469674e+01
2.040816326530613267e+01
3.188775510204081343e+01
4.591836734693878697e+01
6.250000000000000000e+01
6.377551020408163396e+01
4.719387755102040671e+01
3.316326530612244738e+01
2.168367346938775597e+01
1.275510204081632715e+01
6.377551020408162685e+00
2.551020408163266584e+00
1.275510204081633292e+00
2.551020408163266584e+00
6.377551020408166238e+00
1.275510204081633070e+01
2.168367346938776663e+01
3.316326530612244738e+01
4.719387755102042092e+01
6.377551020408163396e+01
6.760204081632653583e+01
5.102040816326530859e+01
3.698979591836734926e+01
2.551020408163265429e+01
1.658163265306122724e+01
1.020408163265306278e+01
6.377551020408166238e+00
5.102040816326533168e+00
6.377551020408166238e+00
1.020408163265306634e+01
1.658163265306123080e+01
2.551020408163266495e+01
3.698979591836734926e+01
5.102040816326532280e+01
6.760204081632653583e+01
7.397959183673469852e+01
5.739795918367347127e+01
4.336734693877551194e+01
3.188775510204082053e+01
2.295918367346938993e+01
1.658163265306122724e+01
1.275510204081633070e+01
1.147959183673469674e+01
1.275510204081633070e+01
1.658163265306123080e+01
2.295918367346939348e+01
3.188775510204082764e+01
4.336734693877551194e+01
5.739795918367348548e+01
7.397959183673469852e+01
8.290816326530612912e+01
6.632653061224490898e+01
5.229591836734694255e+01
4.081632653061225824e+01
3.188775510204082764e+01
2.551020408163266140e+01
2.168367346938776663e+01
2.040816326530613267e+01
2.168367346938776663e+01
2.551020408163266495e+01
3.188775510204082764e+01
4.081632653061226534e+01
5.229591836734694255e+01
6.632653061224492319e+01
8.290816326530612912e+01
9.438775510204081343e+01
7.780612244897957908e+01
6.377551020408162685e+01
5.229591836734693544e+01
4.336734693877550484e+01
3.698979591836734215e+01
3.316326530612244738e+01
3.188775510204081343e+01
3.316326530612244738e+01
3.698979591836734926e+01
4.336734693877551194e+01
5.229591836734694255e+01
6.377551020408162685e+01
7.780612244897960750e+01
9.438775510204081343e+01
1.084183673469387941e+02
9.183673469387755972e+01
7.780612244897960750e+01
6.632653061224490898e+01
5.739795918367347838e+01
5.102040816326531569e+01
4.719387755102042092e+01
4.591836734693878697e+01
4.719387755102042092e+01
5.102040816326532280e+01
5.739795918367348548e+01
6.632653061224492319e+01
7.780612244897960750e+01
9.183673469387757393e+01
1.084183673469387941e+02
1.250000000000000000e+02
1.084183673469387656e+02
9.438775510204081343e+01
8.290816326530611491e+01
7.397959183673469852e+01
6.760204081632653583e+01
6.377551020408163396e+01
6.250000000000000000e+01
6.377551020408163396e+01
6.760204081632653583e+01
7.397959183673469852e+01
8.290816326530612912e+01
9.438775510204081343e+01
1.084183673469387941e+02
1.250000000000000000e+02
1.262755102040816269e+02
1.096938775510203925e+02
9.566326530612244028e+01
8.418367346938774176e+01
7.525510204081632537e+01
6.887755102040816269e+01
6.505102040816326792e+01
6.377551020408163396e+01
6.505102040816326792e+01
6.887755102040816269e+01
7.525510204081632537e+01
8.418367346938775597e+01
9.566326530612244028e+01
1.096938775510204209e+02
1.262755102040816269e+02
1.096938775510203925e+02
9.311224489795917236e+01
7.908163265306120593e+01
6.760204081632652162e+01
5.867346938775509813e+01
5.229591836734693544e+01
4.846938775510204067e+01
4.719387755102040671e+01
4.846938775510204067e+01
5.229591836734694255e+01
5.867346938775510523e+01
6.760204081632653583e+01
7.908163265306120593e+01
9.311224489795918657e+01
1.096938775510203925e+02
9.566326530612244028e+01
7.908163265306120593e+01
6.505102040816325371e+01
5.357142857142856940e+01
4.464285714285713880e+01
3.826530612244897611e+01
3.443877551020408134e+01
3.316326530612244738e+01
3.443877551020408134e+01
3.826530612244898322e+01
4.464285714285714590e+01
5.357142857142857650e+01
6.505102040816325371e+01
7.908163265306123435e+01
9.566326530612244028e+01
8.418367346938774176e+01
6.760204081632652162e+01
5.357142857142856940e+01
4.209183673469387799e+01
3.316326530612244738e+01
2.678571428571428470e+01
2.295918367346938993e+01
2.168367346938775597e+01
2.295918367346938993e+01
2.678571428571428825e+01
3.316326530612245449e+01
4.209183673469389220e+01
5.357142857142856940e+01
6.760204081632653583e+01
8.418367346938774176e+01
7.525510204081632537e+01
5.867346938775509813e+01
4.464285714285713880e+01
3.316326530612244738e+01
2.423469387755102034e+01
1.785714285714285765e+01
1.403061224489796111e+01
1.275510204081632715e+01
1.403061224489796111e+01
1.785714285714286120e+01
2.423469387755102389e+01
3.316326530612246160e+01
4.464285714285713880e+01
5.867346938775511234e+01
7.525510204081632537e+01
6.887755102040816269e+01
5.229591836734693544e+01
3.826530612244897611e+01
2.678571428571428470e+01
1.785714285714285765e+01
1.147959183673469319e+01
7.653061224489795755e+00
6.377551020408162685e+00
7.653061224489795755e+00
1.147959183673469674e+01
1.785714285714286120e+01
2.678571428571429536e+01
3.826530612244897611e+01
5.229591836734694965e+01
6.887755102040816269e+01
6.505102040816326792e+01
4.846938775510204067e+01
3.443877551020408134e+01
2.295918367346938993e+01
1.403061224489796111e+01
7.653061224489795755e+00
3.826530612244900098e+00
2.551020408163266584e+00
3.826530612244900098e+00
7.653061224489799308e+00
1.403061224489796466e+01
2.295918367346940059e+01
3.443877551020408134e+01
4.846938775510205488e+01
6.505102040816326792e+01
6.377551020408163396e+01
4.719387755102040671e+01
3.316326530612244738e+01
2.168367346938775597e+01
1.275510204081632715e+01
6.377551020408162685e+00
2.551020408163266584e+00
1.275510204081633292e+00
2.551020408163266584e+00
6.377551020408166238e+00
1.275510204081633070e+01
2.168367346938776663e+01
3.316326530612244738e+01
4.719387755102042092e+01
6.377551020408163396e+01
6.505102040816326792e+01
4.846938775510204067e+01
3.443877551020408134e+01
2.295918367346938993e+01
1.403061224489796111e+01
7.653061224489795755e+00
3.826530612244900098e+00
2.551020408163266584e+00
3.826530612244900098e+00
7.653061224489799308e+00
1.403061224489796466e+01
2.295918367346940059e+01
3.443877551020408134e+01
4.846938775510205488e+01
6.505102040816326792e+01
6.887755102040816269e+01
5.229591836734694255e+01
3.826530612244898322e+01
2.678571428571428825e+01
1.785714285714286120e+01
1.147959183673469674e+01
7.653061224489799308e+00
6.377551020408166238e+00
7.653061224489799308e+00
1.147959183673470029e+01
1.785714285714286476e+01
2.678571428571429891e+01
3.826530612244898322e+01
5.229591836734695676e+01
6.887755102040816269e+01
7.525510204081632537e+01
5.867346938775510523e+01
4.464285714285714590e+01
3.316326530612245449e+01
2.423469387755102389e+01
1.785714285714286120e+01
1.403061224489796466e+01
1.275510204081633070e+01
1.403061224489796466e+01
1.785714285714286476e+01
2.423469387755102744e+01
3.316326530612246160e+01
4.464285714285714590e+01
5.867346938775511944e+01
7.525510204081632537e+01
8.418367346938775597e+01
6.760204081632653583e+01
5.357142857142857650e+01
4.209183673469389220e+01
3.316326530612246160e+01
2.678571428571429536e+01
2.295918367346940059e+01
2.168367346938776663e+01
2.295918367346940059e+01
2.678571428571429891e+01
3.316326530612246160e+01
4.209183673469389930e+01
5.357142857142857650e+01
6.760204081632655004e+01
8.418367346938775597e+01
9.566326530612244028e+01
7.908163265306120593e+01
6.505102040816325371e+01
5.357142857142856940e+01
4.464285714285713880e+01
3.826530612244897611e+01
3.443877551020408134e+01
3.316326530612244738e+01
3.443877551020408134e+01
3.826530612244898322e+01
4.464285714285714590e+01
5.357142857142857650e+01
6.505102040816325371e+01
7.908163265306123435e+01
9.566326530612244028e+01
1.096938775510204209e+02
9.311224489795918657e+01
7.908163265306123435e+01
6.760204081632653583e+01
5.867346938775511234e+01
5.229591836734694965e+01
4.846938775510205488e+01
4.719387755102042092e+01
4.846938775510205488e+01
5.229591836734695676e+01
5.867346938775511944e+01
6.760204081632655004e+01
7.908163265306123435e+01
9.311224489795920078e+01
1.096938775510204209e+02
1.262755102040816269e+02
1.096938775510203925e+02
9.566326530612244028e+01
8.418367346938774176e+01
7.525510204081632537e+01
6.887755102040816269e+01
6.505102040816326792e+01
6.377551020408163396e+01
6.505102040816326792e+01
6.887755102040816269e+01
7.525510204081632537e+01
8.418367346938775597e+01
9.566326530612244028e+01
1.096938775510204209e+02
1.262755102040816269e+02
1.301020408163265358e+02
1.135204081632653015e+02
9.948979591836734926e+01
8.801020408163265074e+01
7.908163265306123435e+01
7.270408163265307167e+01
6.887755102040816269e+01
6.760204081632653583e+01
6.887755102040816269e+01
7.270408163265307167e+01
7.908163265306123435e+01
8.801020408163266495e+01
9.948979591836734926e+01
1.135204081632653299e+02
1.301020408163265358e+02
1.135204081632653015e+02
9.693877551020408134e+01
8.290816326530611491e+01
7.142857142857143060e+01
6.250000000000000000e+01
5.612244897959183731e+01
5.229591836734694255e+01
5.102040816326530859e+01
5.229591836734694255e+01
5.612244897959184442e+01
6.250000000000000711e+01
7.142857142857144481e+01
8.290816326530611491e+01
9.693877551020409555e+01
1.135204081632653015e+02
9.948979591836734926e+01
8.290816326530611491e+01
6.887755102040816269e+01
5.739795918367347127e+01
4.846938775510204067e+01
4.209183673469387799e+01
3.826530612244898322e+01
3.698979591836734926e+01
3.826530612244898322e+01
4.209183673469388509e+01
4.846938775510204778e+01
5.739795918367347838e+01
6.887755102040816269e+01
8.290816326530614333e+01
9.948979591836734926e+01
8.801020408163265074e+01
7.142857142857143060e+01
5.739795918367347127e+01
4.591836734693877986e+01
3.698979591836734926e+01
3.061224489795918302e+01
2.678571428571428825e+01
2.551020408163265429e+01
2.678571428571428825e+01
3.061224489795918657e+01
3.698979591836735636e+01
4.591836734693879407e+01
5.739795918367347127e+01
7.142857142857144481e+01
8.801020408163265074e+01
7.908163265306123435e+01
6.250000000000000000e+01
4.846938775510204067e+01
3.698979591836734926e+01
2.806122448979591866e+01
2.168367346938775597e+01
1.785714285714286120e+01
1.658163265306122724e+01
1.785714285714286120e+01
2.168367346938775952e+01
2.806122448979592221e+01
3.698979591836736347e+01
4.846938775510204067e+01
6.250000000000001421e+01
7.908163265306123435e+01
7.270408163265307167e+01
5.612244897959183731e+01
4.209183673469387799e+01
3.061224489795918302e+01
2.168367346938775597e+01
1.530612244897959329e+01
1.147959183673469497e+01
1.020408163265306278e+01
1.147959183673469497e+01
1.530612244897959684e+01
2.168367346938775952e+01
3.061224489795919368e+01
4.209183673469387799e+01
5.612244897959185153e+01
7.270408163265307167e+01
6.887755102040816269e+01
5.229591836734694255e+01
3.826530612244898322e+01
2.678571428571428825e+01
1.785714285714286120e+01
1.147959183673469497e+01
7.653061224489800196e+00
6.377551020408166238e+00
7.653061224489800196e+00
1.147959183673469852e+01
1.785714285714286476e+01
2.678571428571429891e+01
3.826530612244898322e+01
5.229591836734695676e+01
6.887755102040816269e+01
6.760204081632653583e+01
5.102040816326530859e+01
3.698979591836734926e+01
2.551020408163265429e+01
1.658163265306122724e+01
1.020408163265306278e+01
6.377551020408166238e+00
5.102040816326533168e+00
6.377551020408166238e+00
1.020408163265306634e+01
1.658163265306123080e+01
2.551020408163266495e+01
3.698979591836734926e+01
5.102040816326532280e+01
6.760204081632653583e+01
6.887755102040816269e+01
5.229591836734694255e+01
3.826530612244898322e+01
2.678571428571428825e+01
1.785714285714286120e+01
1.147959183673469497e+01
7.653061224489800196e+00
6.377551020408166238e+00
7.653061224489800196e+00
1.147959183673469852e+01
1.785714285714286476e+01
2.678571428571429891e+01
3.826530612244898322e+01
5.229591836734695676e+01
6.887755102040816269e+01
7.270408163265307167e+01
5.612244897959184442e+01
4.209183673469388509e+01
3.061224489795918657e+01
2.168367346938775952e+01
1.530612244897959684e+01
1.147959183673469852e+01
1.020408163265306634e+01
1.147959183673469852e+01
1.530612244897960039e+01
2.168367346938776308e+01
3.061224489795919723e+01
4.209183673469388509e+01
5.612244897959185863e+01
7.270408163265307167e+01
7.908163265306123435e+01
6.250000000000000711e+01
4.846938775510204778e+01
3.698979591836735636e+01
2.806122448979592221e+01
2.168367346938775952e+01
1.785714285714286476e+01
1.658163265306123080e+01
1.785714285714286476e+01
2.168367346938776308e+01
2.806122448979592576e+01
3.698979591836736347e+01
4.846938775510204778e+01
6.250000000000002132e+01
7.908163265306123435e+01
8.801020408163266495e+01
7.142857142857144481e+01
5.739795918367347838e+01
4.591836734693879407e+01
3.698979591836736347e+01
3.061224489795919368e+01
2.678571428571429891e+01
2.551020408163266495e+01
2.678571428571429891e+01
3.061224489795919723e+01
3.698979591836736347e+01
4.591836734693880118e+01
5.739795918367347838e+01
7.142857142857145902e+01
8.801020408163266495e+01
9.948979591836734926e+01
8.290816326530611491e+01
6.887755102040816269e+01
5.739795918367347127e+01
4.846938775510204067e+01
4.209183673469387799e+01
3.826530612244898322e+01
3.698979591836734926e+01
3.826530612244898322e+01
4.209183673469388509e+01
4.846938775510204778e+01
5.739795918367347838e+01
6.887755102040816269e+01
8.290816326530614333e+01
9.948979591836734926e+01
1.135204081632653299e+02
9.693877551020409555e+01
8.290816326530614333e+01
7.142857142857144481e+01
6.250000000000001421e+01
5.612244897959185153e+01
5.229591836734695676e+01
5.102040816326532280e+01
5.229591836734695676e+01
5.612244897959185863e+01
6.250000000000002132e+01
7.142857142857145902e+01
8.290816326530614333e+01
9.693877551020410976e+01
1.135204081632653299e+02
1.301020408163265358e+02
1.135204081632653015e+02
9.948979591836734926e+01
8.801020408163265074e+01
7.908163265306123435e+01
7.270408163265307167e+01
6.887755102040816269e+01
6.760204081632653583e+01
6.887755102040816269e+01
7.270408163265307167e+01
7.908163265306123435e+01
8.801020408163266495e+01
9.948979591836734926e+01
1.135204081632653299e+02
1.301020408163265358e+02
1.364795918367346985e+02
1.198979591836734642e+02
1.058673469387755119e+02
9.438775510204081343e+01
8.545918367346939704e+01
7.908163265306123435e+01
7.525510204081632537e+01
7.397959183673469852e+01
7.525510204081632537e+01
7.908163265306123435e+01
8.545918367346939704e+01
9.438775510204082764e+01
1.058673469387755119e+02
1.198979591836734926e+02
1.364795918367346985e+02
1.198979591836734642e+02
1.033163265306122440e+02
8.928571428571427759e+01
7.780612244897959329e+01
6.887755102040816269e+01
6.250000000000000000e+01
5.867346938775510523e+01
5.739795918367347127e+01
5.867346938775510523e+01
6.250000000000000711e+01
6.887755102040816269e+01
7.780612244897960750e+01
8.928571428571427759e+01
1.033163265306122582e+02
1.198979591836734642e+02
1.058673469387755119e+02
8.928571428571427759e+01
7.525510204081632537e+01
6.377551020408163396e+01
5.484693877551020336e+01
4.846938775510204067e+01
4.464285714285714590e+01
4.336734693877551194e+01
4.464285714285714590e+01
4.846938775510204778e+01
5.484693877551021046e+01
6.377551020408164106e+01
7.525510204081632537e+01
8.928571428571430602e+01
1.058673469387755119e+02
9.438775510204081343e+01
7.780612244897959329e+01
6.377551020408163396e+01
5.229591836734694255e+01
4.336734693877551194e+01
3.698979591836734926e+01
3.316326530612245449e+01
3.188775510204082053e+01
3.316326530612245449e+01
3.698979591836734926e+01
4.336734693877551905e+01
5.229591836734695676e+01
6.377551020408163396e+01
7.780612244897960750e+01
9.438775510204081343e+01
8.545918367346939704e+01
6.887755102040816269e+01
5.484693877551020336e+01
4.336734693877551194e+01
3.443877551020408134e+01
2.806122448979591866e+01
2.423469387755102389e+01
2.295918367346938993e+01
2.423469387755102389e+01
2.806122448979592576e+01
3.443877551020408845e+01
4.336734693877552616e+01
5.484693877551020336e+01
6.887755102040817690e+01
8.545918367346939704e+01
7.908163265306123435e+01
6.250000000000000000e+01
4.846938775510204067e+01
3.698979591836734926e+01
2.806122448979591866e+01
2.168367346938775597e+01
1.785714285714286120e+01
1.658163265306122724e+01
1.785714285714286120e+01
2.168367346938775952e+01
2.806122448979592576e+01
3.698979591836735636e+01
4.846938775510204067e+01
6.250000000000001421e+01
7.908163265306123435e+01
7.525510204081632537e+01
5.867346938775510523e+01
4.464285714285714590e+01
3.316326530612245449e+01
2.423469387755102389e+01
1.785714285714286120e+01
1.403061224489796288e+01
1.275510204081633070e+01
1.403061224489796288e+01
1.785714285714286120e+01
2.423469387755102744e+01
3.316326530612246160e+01
4.464285714285714590e+01
5.867346938775511944e+01
7.525510204081632537e+01
7.397959183673469852e+01
5.739795918367347127e+01
4.336734693877551194e+01
3.188775510204082053e+01
2.295918367346938993e+01
1.658163265306122724e+01
1.275510204081633070e+01
1.147959183673469674e+01
1.275510204081633070e+01
1.658163265306123080e+01
2.295918367346939348e+01
3.188775510204082764e+01
4.336734693877551194e+01
5.739795918367348548e+01
7.397959183673469852e+01
7.525510204081632537e+01
5.867346938775510523e+01
4.464285714285714590e+01
3.316326530612245449e+01
2.423469387755102389e+01
1.785714285714286120e+01
1.403061224489796288e+01
1.275510204081633070e+01
1.403061224489796288e+01
1.785714285714286120e+01
2.423469387755102744e+01
3.316326530612246160e+01
4.464285714285714590e+01
5.867346938775511944e+01
7.525510204081632537e+01
7.908163265306123435e+01
6.250000000000000711e+01
4.846938775510204778e+01
3.698979591836734926e+01
2.806122448979592576e+01
2.168367346938775952e+01
1.785714285714286120e+01
1.658163265306123080e+01
1.785714285714286120e+01
2.168367346938776308e+01
2.806122448979592576e+01
3.698979591836736347e+01
4.846938775510204778e+01
6.250000000000002132e+01
7.908163265306123435e+01
8.545918367346939704e+01
6.887755102040816269e+01
5.484693877551021046e+01
4.336734693877551905e+01
3.443877551020408845e+01
2.806122448979592576e+01
2.423469387755102744e+01
2.295918367346939348e+01
2.423469387755102744e+01
2.806122448979592576e+01
3.443877551020408845e+01
4.336734693877552616e+01
5.484693877551021046e+01
6.887755102040817690e+01
8.545918367346939704e+01
9.438775510204082764e+01
7.780612244897960750e+01
6.377551020408164106e+01
5.229591836734695676e+01
4.336734693877552616e+01
3.698979591836735636e+01
3.316326530612246160e+01
3.188775510204082764e+01
3.316326530612246160e+01
3.698979591836736347e+01
4.336734693877552616e+01
5.229591836734696386e+01
6.377551020408164106e+01
7.780612244897962171e+01
9.438775510204082764e+01
1.058673469387755119e+02
8.928571428571427759e+01
7.525510204081632537e+01
6.377551020408163396e+01
5.484693877551020336e+01
4.846938775510204067e+01
4.464285714285714590e+01
4.336734693877551194e+01
4.464285714285714590e+01
4.846938775510204778e+01
5.484693877551021046e+01
6.377551020408164106e+01
7.525510204081632537e+01
8.928571428571430602e+01
1.058673469387755119e+02
1.198979591836734926e+02
1.033163265306122582e+02
8.928571428571430602e+01
7.780612244897960750e+01
6.887755102040817690e+01
6.250000000000001421e+01
5.867346938775511944e+01
5.739795918367348548e+01
5.867346938775511944e+01
6.250000000000002132e+01
6.887755102040817690e+01
7.780612244897962171e+01
8.928571428571430602e+01
1.033163265306122724e+02
1.198979591836734926e+02
1.364795918367346985e+02
1.198979591836734642e+02
1.058673469387755119e+02
9.438775510204081343e+01
8.545918367346939704e+01
7.908163265306123435e+01
7.525510204081632537e+01
7.397959183673469852e+01
7.525510204081632537e+01
7.908163265306123435e+01
8.545918367346939704e+01
9.438775510204082764e+01
1.058673469387755119e+02
1.198979591836734926e+02
1.364795918367346985e+02
1.454081632653061433e+02
1.288265306122449090e+02
1.147959183673469425e+02
1.033163265306122440e+02
9.438775510204082764e+01
8.801020408163266495e+01
8.418367346938777018e+01
8.290816326530612912e+01
8.418367346938777018e+01
8.801020408163266495e+01
9.438775510204082764e+01
1.033163265306122582e+02
1.147959183673469425e+02
1.288265306122449374e+02
1.454081632653061433e+02
1.288265306122449090e+02
1.122448979591836746e+02
9.821428571428570820e+01
8.673469387755102389e+01
7.780612244897959329e+01
7.142857142857143060e+01
6.760204081632653583e+01
6.632653061224490898e+01
6.760204081632653583e+01
7.142857142857144481e+01
7.780612244897960750e+01
8.673469387755103810e+01
9.821428571428570820e+01
1.122448979591836888e+02
1.288265306122449090e+02
1.147959183673469425e+02
9.821428571428570820e+01
8.418367346938775597e+01
7.270408163265307167e+01
6.377551020408164106e+01
5.739795918367347838e+01
5.357142857142858361e+01
5.229591836734694255e+01
5.357142857142858361e+01
5.739795918367347838e+01
6.377551020408164106e+01
7.270408163265307167e+01
8.418367346938775597e+01
9.821428571428573662e+01
1.147959183673469425e+02
1.033163265306122440e+02
8.673469387755102389e+01
7.270408163265307167e+01
6.122448979591837315e+01
5.229591836734694255e+01
4.591836734693877986e+01
4.209183673469388509e+01
4.081632653061225824e+01
4.209183673469388509e+01
4.591836734693878697e+01
5.229591836734695676e+01
6.122448979591838736e+01
7.270408163265307167e+01
8.673469387755103810e+01
1.033163265306122440e+02
9.438775510204082764e+01
7.780612244897959329e+01
6.377551020408164106e+01
5.229591836734694255e+01
4.336734693877551905e+01
3.698979591836735636e+01
3.316326530612246160e+01
3.188775510204082764e+01
3.316326530612246160e+01
3.698979591836736347e+01
4.336734693877552616e+01
5.229591836734695676e+01
6.377551020408164106e+01
7.780612244897960750e+01
9.438775510204082764e+01
8.801020408163266495e+01
7.142857142857143060e+01
5.739795918367347838e+01
4.591836734693877986e+01
3.698979591836735636e+01
3.061224489795919368e+01
2.678571428571429536e+01
2.551020408163266140e+01
2.678571428571429536e+01
3.061224489795919368e+01
3.698979591836736347e+01
4.591836734693879407e+01
5.739795918367347838e+01
7.142857142857144481e+01
8.801020408163266495e+01
8.418367346938777018e+01
6.760204081632653583e+01
5.357142857142858361e+01
4.209183673469388509e+01
3.316326530612246160e+01
2.678571428571429536e+01
2.295918367346940059e+01
2.168367346938776663e+01
2.295918367346940059e+01
2.678571428571429891e+01
3.316326530612246160e+01
4.209183673469389930e+01
5.357142857142858361e+01
6.760204081632655004e+01
8.418367346938777018e+01
8.290816326530612912e+01
6.632653061224490898e+01
5.229591836734694255e+01
4.081632653061225824e+01
3.188775510204082764e+01
2.551020408163266140e+01
2.168367346938776663e+01
2.040816326530613267e+01
2.168367346938776663e+01
2.551020408163266495e+01
3.188775510204082764e+01
4.081632653061226534e+01
5.229591836734694255e+01
6.632653061224492319e+01
8.290816326530612912e+01
8.418367346938777018e+01
6.760204081632653583e+01
5.357142857142858361e+01
4.209183673469388509e+01
3.316326530612246160e+01
2.678571428571429536e+01
2.295918367346940059e+01
2.168367346938776663e+01
2.295918367346940059e+01
2.678571428571429891e+01
3.316326530612246160e+01
4.209183673469389930e+01
5.357142857142858361e+01
6.760204081632655004e+01
8.418367346938777018e+01
8.801020408163266495e+01
7.142857142857144481e+01
5.739795918367347838e+01
4.591836734693878697e+01
3.698979591836736347e+01
3.061224489795919368e+01
2.678571428571429891e+01
2.551020408163266495e+01
2.678571428571429891e+01
3.061224489795920078e+01
3.698979591836736347e+01
4.591836734693879407e+01
5.739795918367347838e+01
7.142857142857145902e+01
8.801020408163266495e+01
9.438775510204082764e+01
7.780612244897960750e+01
6.377551020408164106e+01
5.229591836734695676e+01
4.336734693877552616e+01
3.698979591836736347e+01
3.316326530612246160e+01
3.188775510204082764e+01
3.316326530612246160e+01
3.698979591836736347e+01
4.336734693877552616e+01
5.229591836734695676e+01
6.377551020408164106e+01
7.780612244897962171e+01
9.438775510204082764e+01
1.033163265306122582e+02
8.673469387755103810e+01
7.270408163265307167e+01
6.122448979591838736e+01
5.229591836734695676e+01
4.591836734693879407e+01
4.209183673469389930e+01
4.081632653061226534e+01
4.209183673469389930e+01
4.591836734693879407e+01
5.229591836734695676e+01
6.122448979591840157e+01
7.270408163265307167e+01
8.673469387755105231e+01
1.033163265306122582e+02
1.147959183673469425e+02
9.821428571428570820e+01
8.418367346938775597e+01
7.270408163265307167e+01
6.377551020408164106e+01
5.739795918367347838e+01
5.357142857142858361e+01
5.229591836734694255e+01
5.357142857142858361e+01
5.739795918367347838e+01
6.377551020408164106e+01
7.270408163265307167e+01
8.418367346938775597e+01
9.821428571428573662e+01
1.147959183673469425e+02
1.288265306122449374e+02
1.122448979591836888e+02
9.821428571428573662e+01
8.673469387755103810e+01
7.780612244897960750e+01
7.142857142857144481e+01
6.760204081632655004e+01
6.632653061224492319e+01
6.760204081632655004e+01
7.142857142857145902e+01
7.780612244897962171e+01
8.673469387755105231e+01
9.821428571428573662e+01
1.122448979591837031e+02
1.288265306122449374e+02
1.454081632653061433e+02
1.288265306122449090e+02
1.147959183673469425e+02
1.033163265306122440e+02
9.438775510204082764e+01
8.801020408163266495e+01
8.418367346938777018e+01
8.290816326530612912e+01
8.418367346938777018e+01
8.801020408163266495e+01
9.438775510204082764e+01
1.033163265306122582e+02
1.147959183673469425e+02
1.288265306122449374e+02
1.454081632653061433e+02
1.568877551020408134e+02
1.403061224489795791e+02
1.262755102040816269e+02
1.147959183673469283e+02
1.058673469387755119e+02
9.948979591836734926e+01
9.566326530612244028e+01
9.438775510204081343e+01
9.566326530612244028e+01
9.948979591836734926e+01
1.058673469387755119e+02
1.147959183673469425e+02
1.262755102040816269e+02
1.403061224489796075e+02
1.568877551020408134e+02
1.403061224489795791e+02
1.237244897959183589e+02
1.096938775510203925e+02
9.821428571428570820e+01
8.928571428571427759e+01
8.290816326530611491e+01
7.908163265306122014e+01
7.780612244897957908e+01
7.908163265306122014e+01
8.290816326530611491e+01
8.928571428571427759e+01
9.821428571428572241e+01
1.096938775510203925e+02
1.237244897959183731e+02
1.403061224489795791e+02
1.262755102040816269e+02
1.096938775510203925e+02
9.566326530612244028e+01
8.418367346938774176e+01
7.525510204081632537e+01
6.887755102040816269e+01
6.505102040816325371e+01
6.377551020408162685e+01
6.505102040816325371e+01
6.887755102040816269e+01
7.525510204081632537e+01
8.418367346938775597e+01
9.566326530612244028e+01
1.096938775510204209e+02
1.262755102040816269e+02
1.147959183673469283e+02
9.821428571428570820e+01
8.418367346938774176e+01
7.270408163265305745e+01
6.377551020408162685e+01
5.739795918367346417e+01
5.357142857142856940e+01
5.229591836734693544e+01
5.357142857142856940e+01
5.739795918367346417e+01
6.377551020408163396e+01
7.270408163265307167e+01
8.418367346938774176e+01
9.821428571428572241e+01
1.147959183673469283e+02
1.058673469387755119e+02
8.928571428571427759e+01
7.525510204081632537e+01
6.377551020408162685e+01
5.484693877551019625e+01
4.846938775510203357e+01
4.464285714285713880e+01
4.336734693877550484e+01
4.464285714285713880e+01
4.846938775510204067e+01
5.484693877551020336e+01
6.377551020408164106e+01
7.525510204081632537e+01
8.928571428571429180e+01
1.058673469387755119e+02
9.948979591836734926e+01
8.290816326530611491e+01
6.887755102040816269e+01
5.739795918367346417e+01
4.846938775510203357e+01
4.209183673469387088e+01
3.826530612244897611e+01
3.698979591836734215e+01
3.826530612244897611e+01
4.209183673469387799e+01
4.846938775510204067e+01
5.739795918367347838e+01
6.887755102040816269e+01
8.290816326530612912e+01
9.948979591836734926e+01
9.566326530612244028e+01
7.908163265306122014e+01
6.505102040816325371e+01
5.357142857142856940e+01
4.464285714285713880e+01
3.826530612244897611e+01
3.443877551020408134e+01
3.316326530612244738e+01
3.443877551020408134e+01
3.826530612244897611e+01
4.464285714285714590e+01
5.357142857142858361e+01
6.505102040816325371e+01
7.908163265306123435e+01
9.566326530612244028e+01
9.438775510204081343e+01
7.780612244897957908e+01
6.377551020408162685e+01
5.229591836734693544e+01
4.336734693877550484e+01
3.698979591836734215e+01
3.316326530612244738e+01
3.188775510204081343e+01
3.316326530612244738e+01
3.698979591836734926e+01
4.336734693877551194e+01
5.229591836734694255e+01
6.377551020408162685e+01
7.780612244897960750e+01
9.438775510204081343e+01
9.566326530612244028e+01
7.908163265306122014e+01
6.505102040816325371e+01
5.357142857142856940e+01
4.464285714285713880e+01
3.826530612244897611e+01
3.443877551020408134e+01
3.316326530612244738e+01
3.443877551020408134e+01
3.826530612244897611e+01
4.464285714285714590e+01
5.357142857142858361e+01
6.505102040816325371e+01
7.908163265306123435e+01
9.566326530612244028e+01
9.948979591836734926e+01
8.290816326530611491e+01
6.887755102040816269e+01
5.739795918367346417e+01
4.846938775510204067e+01
4.209183673469387799e+01
3.826530612244897611e+01
3.698979591836734926e+01
3.826530612244897611e+01
4.209183673469387799e+01
4.846938775510204778e+01
5.739795918367347838e+01
6.887755102040816269e+01
8.290816326530614333e+01
9.948979591836734926e+01
1.058673469387755119e+02
8.928571428571427759e+01
7.525510204081632537e+01
6.377551020408163396e+01
5.484693877551020336e+01
4.846938775510204067e+01
4.464285714285714590e+01
4.336734693877551194e+01
4.464285714285714590e+01
4.846938775510204778e+01
5.484693877551021046e+01
6.377551020408164106e+01
7.525510204081632537e+01
8.928571428571430602e+01
1.058673469387755119e+02
1.147959183673469425e+02
9.821428571428572241e+01
8.418367346938775597e+01
7.270408163265307167e+01
6.377551020408164106e+01
5.739795918367347838e+01
5.357142857142858361e+01
5.229591836734694255e+01
5.357142857142858361e+01
5.739795918367347838e+01
6.377551020408164106e+01
7.270408163265307167e+01
8.418367346938775597e+01
9.821428571428573662e+01
1.147959183673469425e+02
1.262755102040816269e+02
1.096938775510203925e+02
9.566326530612244028e+01
8.418367346938774176e+01
7.525510204081632537e+01
6.887755102040816269e+01
6.505102040816325371e+01
6.377551020408162685e+01
6.505102040816325371e+01
6.887755102040816269e+01
7.525510204081632537e+01
8.418367346938775597e+01
9.566326530612244028e+01
1.096938775510204209e+02
1.262755102040816269e+02
1.403061224489796075e+02
1.237244897959183731e+02
1.096938775510204209e+02
9.821428571428572241e+01
8.928571428571429180e+01
8.290816326530612912e+01
7.908163265306123435e+01
7.780612244897960750e+01
7.908163265306123435e+01
8.290816326530614333e+01
8.928571428571430602e+01
9.821428571428573662e+01
1.096938775510204209e+02
1.237244897959183874e+02
1.403061224489796075e+02
1.568877551020408134e+02
1.403061224489795791e+02
1.262755102040816269e+02
1.147959183673469283e+02
1.058673469387755119e+02
9.948979591836734926e+01
9.566326530612244028e+01
9.438775510204081343e+01
9.566326530612244028e+01
9.948979591836734926e+01
1.058673469387755119e+02
1.147959183673469425e+02
1.262755102040816269e+02
1.403061224489796075e+02
1.568877551020408134e+02
1.709183673469387941e+02
1.543367346938775597e+02
1.403061224489796075e+02
1.288265306122449090e+02
1.198979591836734926e+02
1.135204081632653299e+02
1.096938775510204209e+02
1.084183673469387941e+02
1.096938775510204209e+02
1.135204081632653299e+02
1.198979591836734926e+02
1.288265306122449090e+02
1.403061224489796075e+02
1.543367346938775881e+02
1.709183673469387941e+02
1.543367346938775597e+02
1.377551020408163254e+02
1.237244897959183731e+02
1.122448979591836746e+02
1.033163265306122582e+02
9.693877551020409555e+01
9.311224489795918657e+01
9.183673469387755972e+01
9.311224489795918657e+01
9.693877551020409555e+01
1.033163265306122582e+02
1.122448979591837031e+02
1.237244897959183731e+02
1.377551020408163538e+02
1.543367346938775597e+02
1.403061224489796075e+02
1.237244897959183731e+02
1.096938775510204209e+02
9.821428571428572241e+01
8.928571428571429180e+01
8.290816326530612912e+01
7.908163265306123435e+01
7.780612244897960750e+01
7.908163265306123435e+01
8.290816326530614333e+01
8.928571428571430602e+01
9.821428571428572241e+01
1.096938775510204209e+02
1.237244897959184016e+02
1.403061224489796075e+02
1.288265306122449090e+02
1.122448979591836746e+02
9.821428571428572241e+01
8.673469387755102389e+01
7.780612244897960750e+01
7.142857142857144481e+01
6.760204081632653583e+01
6.632653061224490898e+01
6.760204081632653583e+01
7.142857142857144481e+01
7.780612244897960750e+01
8.673469387755105231e+01
9.821428571428572241e+01
1.122448979591837031e+02
1.288265306122449090e+02
1.198979591836734926e+02
1.033163265306122582e+02
8.928571428571429180e+01
7.780612244897960750e+01
6.887755102040817690e+01
6.250000000000001421e+01
5.867346938775511234e+01
5.739795918367347838e+01
5.867346938775511234e+01
6.250000000000001421e+01
6.887755102040817690e+01
7.780612244897960750e+01
8.928571428571429180e+01
1.033163265306122582e+02
1.198979591836734926e+02
1.135204081632653299e+02
9.693877551020409555e+01
8.290816326530612912e+01
7.142857142857144481e+01
6.250000000000001421e+01
5.612244897959184442e+01
5.229591836734694965e+01
5.102040816326531569e+01
5.229591836734694965e+01
5.612244897959185153e+01
6.250000000000001421e+01
7.142857142857144481e+01
8.290816326530612912e+01
9.693877551020409555e+01
1.135204081632653299e+02
1.096938775510204209e+02
9.311224489795918657e+01
7.908163265306123435e+01
6.760204081632653583e+01
5.867346938775511234e+01
5.229591836734694965e+01
4.846938775510205488e+01
4.719387755102042092e+01
4.846938775510205488e+01
5.229591836734695676e+01
5.867346938775511944e+01
6.760204081632655004e+01
7.908163265306123435e+01
9.311224489795921500e+01
1.096938775510204209e+02
1.084183673469387941e+02
9.183673469387755972e+01
7.780612244897960750e+01
6.632653061224490898e+01
5.739795918367347838e+01
5.102040816326531569e+01
4.719387755102042092e+01
4.591836734693878697e+01
4.719387755102042092e+01
5.102040816326532280e+01
5.739795918367348548e+01
6.632653061224492319e+01
7.780612244897960750e+01
9.183673469387757393e+01
1.084183673469387941e+02
1.096938775510204209e+02
9.311224489795918657e+01
7.908163265306123435e+01
6.760204081632653583e+01
5.867346938775511234e+01
5.229591836734694965e+01
4.846938775510205488e+01
4.719387755102042092e+01
4.846938775510205488e+01
5.229591836734695676e+01
5.867346938775511944e+01
6.760204081632655004e+01
7.908163265306123435e+01
9.311224489795921500e+01
1.096938775510204209e+02
1.135204081632653299e+02
9.693877551020409555e+01
8.290816326530614333e+01
7.142857142857144481e+01
6.250000000000001421e+01
5.612244897959185153e+01
5.229591836734695676e+01
5.102040816326532280e+01
5.229591836734695676e+01
5.612244897959185153e+01
6.250000000000001421e+01
7.142857142857144481e+01
8.290816326530614333e+01
9.693877551020410976e+01
1.135204081632653299e+02
1.198979591836734926e+02
1.033163265306122582e+02
8.928571428571430602e+01
7.780612244897960750e+01
6.887755102040817690e+01
6.250000000000001421e+01
5.867346938775511944e+01
5.739795918367348548e+01
5.867346938775511944e+01
6.250000000000001421e+01
6.887755102040817690e+01
7.780612244897960750e+01
8.928571428571430602e+01
1.033163265306122724e+02
1.198979591836734926e+02
1.288265306122449090e+02
1.122448979591837031e+02
9.821428571428572241e+01
8.673469387755105231e+01
7.780612244897960750e+01
7.142857142857144481e+01
6.760204081632655004e+01
6.632653061224492319e+01
6.760204081632655004e+01
7.142857142857144481e+01
7.780612244897960750e+01
8.673469387755105231e+01
9.821428571428572241e+01
1.122448979591837031e+02
1.288265306122449090e+02
1.403061224489796075e+02
1.237244897959183731e+02
1.096938775510204209e+02
9.821428571428572241e+01
8.928571428571429180e+01
8.290816326530612912e+01
7.908163265306123435e+01
7.780612244897960750e+01
7.908163265306123435e+01
8.290816326530614333e+01
8.928571428571430602e+01
9.821428571428572241e+01
1.096938775510204209e+02
1.237244897959184016e+02
1.403061224489796075e+02
1.543367346938775881e+02
1.377551020408163538e+02
1.237244897959184016e+02
1.122448979591837031e+02
1.033163265306122582e+02
9.693877551020409555e+01
9.311224489795921500e+01
9.183673469387757393e+01
9.311224489795921500e+01
9.693877551020410976e+01
1.033163265306122724e+02
1.122448979591837031e+02
1.237244897959184016e+02
1.377551020408163538e+02
1.543367346938775881e+02
1.709183673469387941e+02
1.543367346938775597e+02
1.403061224489796075e+02
1.288265306122449090e+02
1.198979591836734926e+02
1.135204081632653299e+02
1.096938775510204209e+02
1.084183673469387941e+02
1.096938775510204209e+02
1.135204081632653299e+02
1.198979591836734926e+02
1.288265306122449090e+02
1.403061224489796075e+02
1.543367346938775881e+02
1.709183673469387941e+02
1.875000000000000000e+02
1.709183673469387656e+02
1.568877551020408134e+02
1.454081632653061149e+02
1.364795918367346985e+02
1.301020408163265358e+02
1.262755102040816269e+02
1.250000000000000000e+02
1.262755102040816269e+02
1.301020408163265358e+02
1.364795918367346985e+02
1.454081632653061433e+02
1.568877551020408134e+02
1.709183673469387941e+02
1.875000000000000000e+02
1.709183673469387656e+02
1.543367346938775313e+02
1.403061224489795791e+02
1.288265306122448806e+02
1.198979591836734642e+02
1.135204081632653015e+02
1.096938775510204067e+02
1.084183673469387656e+02
1.096938775510204067e+02
1.135204081632653015e+02
1.198979591836734642e+02
1.288265306122449090e+02
1.403061224489795791e+02
1.543367346938775597e+02
1.709183673469387656e+02
1.568877551020408134e+02
1.403061224489795791e+02
1.262755102040816269e+02
1.147959183673469283e+02
1.058673469387755119e+02
9.948979591836734926e+01
9.566326530612244028e+01
9.438775510204081343e+01
9.566326530612244028e+01
9.948979591836734926e+01
1.058673469387755119e+02
1.147959183673469425e+02
1.262755102040816269e+02
1.403061224489796075e+02
1.568877551020408134e+02
1.454081632653061149e+02
1.288265306122448806e+02
1.147959183673469283e+02
1.033163265306122440e+02
9.438775510204081343e+01
8.801020408163265074e+01
8.418367346938775597e+01
8.290816326530611491e+01
8.418367346938775597e+01
8.801020408163265074e+01
9.438775510204081343e+01
1.033163265306122582e+02
1.147959183673469283e+02
1.288265306122449090e+02
1.454081632653061149e+02
1.364795918367346985e+02
1.198979591836734642e+02
1.058673469387755119e+02
9.438775510204081343e+01
8.545918367346938282e+01
7.908163265306122014e+01
7.525510204081632537e+01
7.397959183673469852e+01
7.525510204081632537e+01
7.908163265306123435e+01
8.545918367346939704e+01
9.438775510204082764e+01
1.058673469387755119e+02
1.198979591836734784e+02
1.364795918367346985e+02
1.301020408163265358e+02
1.135204081632653015e+02
9.948979591836734926e+01
8.801020408163265074e+01
7.908163265306122014e+01
7.270408163265305745e+01
6.887755102040816269e+01
6.760204081632653583e+01
6.887755102040816269e+01
7.270408163265305745e+01
7.908163265306123435e+01
8.801020408163266495e+01
9.948979591836734926e+01
1.135204081632653157e+02
1.301020408163265358e+02
1.262755102040816269e+02
1.096938775510204067e+02
9.566326530612244028e+01
8.418367346938775597e+01
7.525510204081632537e+01
6.887755102040816269e+01
6.505102040816326792e+01
6.377551020408163396e+01
6.505102040816326792e+01
6.887755102040816269e+01
7.525510204081632537e+01
8.418367346938777018e+01
9.566326530612244028e+01
1.096938775510204209e+02
1.262755102040816269e+02
1.250000000000000000e+02
1.084183673469387656e+02
9.438775510204081343e+01
8.290816326530611491e+01
7.397959183673469852e+01
6.760204081632653583e+01
6.377551020408163396e+01
6.250000000000000000e+01
6.377551020408163396e+01
6.760204081632653583e+01
7.397959183673469852e+01
8.290816326530612912e+01
9.438775510204081343e+01
1.084183673469387941e+02
1.250000000000000000e+02
1.262755102040816269e+02
1.096938775510204067e+02
9.566326530612244028e+01
8.418367346938775597e+01
7.525510204081632537e+01
6.887755102040816269e+01
6.505102040816326792e+01
6.377551020408163396e+01
6.505102040816326792e+01
6.887755102040816269e+01
7.525510204081632537e+01
8.418367346938777018e+01
9.566326530612244028e+01
1.096938775510204209e+02
1.262755102040816269e+02
1.301020408163265358e+02
1.135204081632653015e+02
9.948979591836734926e+01
8.801020408163265074e+01
7.908163265306123435e+01
7.270408163265305745e+01
6.887755102040816269e+01
6.760204081632653583e+01
6.887755102040816269e+01
7.270408163265307167e+01
7.908163265306123435e+01
8.801020408163266495e+01
9.948979591836734926e+01
1.135204081632653299e+02
1.301020408163265358e+02
1.364795918367346985e+02
1.198979591836734642e+02
1.058673469387755119e+02
9.438775510204081343e+01
8.545918367346939704e+01
7.908163265306123435e+01
7.525510204081632537e+01
7.397959183673469852e+01
7.525510204081632537e+01
7.908163265306123435e+01
8.545918367346939704e+01
9.438775510204082764e+01
1.058673469387755119e+02
1.198979591836734926e+02
1.364795918367346985e+02
1.454081632653061433e+02
1.288265306122449090e+02
1.147959183673469425e+02
1.033163265306122582e+02
9.438775510204082764e+01
8.801020408163266495e+01
8.418367346938777018e+01
8.290816326530612912e+01
8.418367346938777018e+01
8.801020408163266495e+01
9.438775510204082764e+01
1.033163265306122582e+02
1.147959183673469425e+02
1.288265306122449374e+02
1.454081632653061433e+02
1.568877551020408134e+02
1.403061224489795791e+02
1.262755102040816269e+02
1.147959183673469283e+02
1.058673469387755119e+02
9.948979591836734926e+01
9.566326530612244028e+01
9.438775510204081343e+01
9.566326530612244028e+01
9.948979591836734926e+01
1.058673469387755119e+02
1.147959183673469425e+02
1.262755102040816269e+02
1.403061224489796075e+02
1.568877551020408134e+02
1.709183673469387941e+02
1.543367346938775597e+02
1.403061224489796075e+02
1.288265306122449090e+02
1.198979591836734784e+02
1.135204081632653157e+02
1.096938775510204209e+02
1.084183673469387941e+02
1.096938775510204209e+02
1.135204081632653299e+02
1.198979591836734926e+02
1.288265306122449374e+02
1.403061224489796075e+02
1.543367346938775881e+02
1.709183673469387941e+02
1.875000000000000000e+02
1.709183673469387656e+02
1.568877551020408134e+02
1.454081632653061149e+02
1.364795918367346985e+02
1.301020408163265358e+02
1.262755102040816269e+02
1.250000000000000000e+02
1.262755102040816269e+02
1.301020408163265358e+02
1.364795918367346985e+02
1.454081632653061433e+02
1.568877551020408134e+02
1.709183673469387941e+02
1.875000000000000000e+02
