# 3375
7.500000000000000000e+01
6.836734693877551194e+01
6.275510204081632537e+01
5.816326530612244738e+01
5.459183673469387799e+01
5.204081632653061007e+01
5.051020408163265074e+01
5.000000000000000000e+01
5.051020408163265074e+01
5.204081632653061718e+01
5.459183673469387799e+01
5.816326530612245449e+01
6.275510204081632537e+01
6.836734693877551194e+01
7.500000000000000000e+01
6.836734693877551194e+01
6.173469387755101678e+01
5.612244897959183731e+01
5.153061224489795933e+01
4.795918367346938282e+01
4.540816326530612201e+01
4.387755102040816269e+01
4.336734693877551194e+01
4.387755102040816269e+01
4.540816326530612201e+01
4.795918367346938282e+01
5.153061224489795933e+01
5.612244897959183731e+01
6.173469387755102389e+01
6.836734693877551194e+01
6.275510204081632537e+01
5.612244897959183731e+01
5.051020408163265074e+01
4.591836734693877276e+01
4.234693877551020336e+01
3.979591836734693544e+01
3.826530612244897611e+01
3.775510204081632537e+01
3.826530612244897611e+01
3.979591836734694255e+01
4.234693877551020336e+01
4.591836734693877986e+01
5.051020408163265074e+01
5.612244897959183731e+01
6.275510204081632537e+01
5.816326530612244738e+01
5.153061224489795933e+01
4.591836734693877276e+01
4.132653061224489477e+01
3.775510204081632537e+01
3.520408163265305745e+01
3.367346938775510523e+01
3.316326530612244738e+01
3.367346938775510523e+01
3.520408163265306456e+01
3.775510204081632537e+01
4.132653061224490187e+01
4.591836734693877276e+01
5.153061224489796643e+01
5.816326530612244738e+01
5.459183673469387799e+01
4.795918367346938282e+01
4.234693877551020336e+01
3.775510204081632537e+01
3.418367346938775597e+01
3.163265306122448806e+01
3.010204081632652873e+01
2.959183673469387799e+01
3.010204081632652873e+01
3.163265306122448806e+01
3.418367346938775597e+01
3.775510204081632537e+01
4.234693877551020336e+01
4.795918367346939704e+01
5.459183673469387799e+01
5.204081632653061007e+01
4.540816326530612201e+01
3.979591836734693544e+01
3.520408163265305745e+01
3.163265306122448806e+01
2.908163265306122369e+01
2.755102040816326436e+01
2.704081632653061007e+01
2.755102040816326436e+01
2.908163265306122724e+01
3.163265306122449161e+01
3.520408163265306456e+01
3.979591836734693544e+01
4.540816326530612912e+01
5.204081632653061007e+01
5.051020408163265074e+01
4.387755102040816269e+01
3.826530612244897611e+01
3.367346938775510523e+01
3.010204081632652873e+01
2.755102040816326436e+01
2.602040816326530503e+01
2.551020408163265429e+01
2.602040816326530503e+01
2.755102040816326792e+01
3.010204081632653228e+01
3.367346938775510523e+01
3.826530612244897611e+01
4.387755102040816979e+01
5.051020408163265074e+01
5.000000000000000000e+01
4.336734693877551194e+01
3.775510204081632537e+01
3.316326530612244738e+01
2.959183673469387799e+01
2.704081632653061007e+01
2.551020408163265429e+01
2.500000000000000000e+01
2.551020408163265429e+01
2.704081632653061362e+01
2.959183673469387799e+01
3.316326530612245449e+01
3.775510204081632537e+01
4.336734693877551194e+01
5.000000000000000000e+01
5.051020408163265074e+01
4.387755102040816269e+01
3.826530612244897611e+01
3.367346938775510523e+01
3.010204081632652873e+01
2.755102040816326436e+01
2.602040816326530503e+01
2.551020408163265429e+01
2.602040816326530503e+01
2.755102040816326792e+01
3.010204081632653228e+01
3.367346938775510523e+01
3.826530612244897611e+01
4.387755102040816979e+01
5.051020408163265074e+01
5.204081632653061718e+01
4.540816326530612201e+01
3.979591836734694255e+01
3.520408163265306456e+01
3.163265306122448806e+01
2.908163265306122724e+01
2.755102040816326792e+01
2.704081632653061362e+01
2.755102040816326792e+01
2.908163265306122724e+01
3.163265306122449161e+01
3.520408163265306456e+01
3.979591836734694255e+01
4.540816326530612912e+01
5.204081632653061718e+01
5.459183673469387799e+01
4.795918367346938282e+01
4.234693877551020336e+01
3.775510204081632537e+01
3.418367346938775597e+01
3.163265306122449161e+01
3.010204081632653228e+01
2.959183673469387799e+01
3.010204081632653228e+01
3.163265306122449161e+01
3.418367346938775597e+01
3.775510204081633248e+01
4.234693877551020336e+01
4.795918367346939704e+01
5.459183673469387799e+01
5.816326530612245449e+01
5.153061224489795933e+01
4.591836734693877986e+01
4.132653061224490187e+01
3.775510204081632537e+01
3.520408163265306456e+01
3.367346938775510523e+01
3.316326530612245449e+01
3.367346938775510523e+01
3.520408163265306456e+01
3.775510204081633248e+01
4.132653061224490898e+01
4.591836734693877986e+01
5.153061224489796643e+01
5.816326530612245449e+01
6.275510204081632537e+01
5.612244897959183731e+01
5.051020408163265074e+01
4.591836734693877276e+01
4.234693877551020336e+01
3.979591836734693544e+01
3.826530612244897611e+01
3.775510204081632537e+01
3.826530612244897611e+01
3.979591836734694255e+01
4.234693877551020336e+01
4.591836734693877986e+01
5.051020408163265074e+01
5.612244897959183731e+01
6.275510204081632537e+01
6.836734693877551194e+01
6.173469387755102389e+01
5.612244897959183731e+01
5.153061224489796643e+01
4.795918367346939704e+01
4.540816326530612912e+01
4.387755102040816979e+01
4.336734693877551194e+01
4.387755102040816979e+01
4.540816326530612912e+01
4.795918367346939704e+01
5.153061224489796643e+01
5.612244897959183731e+01
6.173469387755103099e+01
6.836734693877551194e+01
7.500000000000000000e+01
6.836734693877551194e+01
6.275510204081632537e+01
5.816326530612244738e+01
5.459183673469387799e+01
5.204081632653061007e+01
5.051020408163265074e+01
5.000000000000000000e+01
5.051020408163265074e+01
5.204081632653061718e+01
5.459183673469387799e+01
5.816326530612245449e+01
6.275510204081632537e+01
6.836734693877551194e+01
7.500000000000000000e+01
6.836734693877551194e+01
6.173469387755102389e+01
5.612244897959183731e+01
5.153061224489795222e+01
4.795918367346938282e+01
4.540816326530611491e+01
4.387755102040816269e+01
4.336734693877551194e+01
4.387755102040816269e+01
4.540816326530612201e+01
4.795918367346938282e+01
5.153061224489796643e+01
5.612244897959183731e+01
6.173469387755102389e+01
6.836734693877551194e+01
6.173469387755102389e+01
5.510204081632652162e+01
4.948979591836734215e+01
4.489795918367346417e+01
4.132653061224489477e+01
3.877551020408162685e+01
3.724489795918367463e+01
3.673469387755101678e+01
3.724489795918367463e+01
3.877551020408162685e+01
4.132653061224489477e+01
4.489795918367346417e+01
4.948979591836734215e+01
5.510204081632653583e+01
6.173469387755102389e+01
5.612244897959183731e+01
4.948979591836734215e+01
4.387755102040816269e+01
3.928571428571427759e+01
3.571428571428570820e+01
3.316326530612244738e+01
3.163265306122448806e+01
3.112244897959183376e+01
3.163265306122448806e+01
3.316326530612244738e+01
3.571428571428570820e+01
3.928571428571429180e+01
4.387755102040816269e+01
4.948979591836734926e+01
5.612244897959183731e+01
5.153061224489795222e+01
4.489795918367346417e+01
3.928571428571427759e+01
3.469387755102040671e+01
3.112244897959183376e+01
2.857142857142856940e+01
2.704081632653061007e+01
2.653061224489795933e+01
2.704081632653061007e+01
2.857142857142856940e+01
3.112244897959183731e+01
3.469387755102040671e+01
3.928571428571427759e+01
4.489795918367347838e+01
5.153061224489795222e+01
4.795918367346938282e+01
4.132653061224489477e+01
3.571428571428570820e+01
3.112244897959183376e+01
2.755102040816326081e+01
2.499999999999999645e+01
2.346938775510204067e+01
2.295918367346938638e+01
2.346938775510204067e+01
2.500000000000000000e+01
2.755102040816326436e+01
3.112244897959183731e+01
3.571428571428570820e+01
4.132653061224490187e+01
4.795918367346938282e+01
4.540816326530611491e+01
3.877551020408162685e+01
3.316326530612244738e+01
2.857142857142856940e+01
2.499999999999999645e+01
2.244897959183673208e+01
2.091836734693877276e+01
2.040816326530612201e+01
2.091836734693877276e+01
2.244897959183673208e+01
2.500000000000000000e+01
2.857142857142857295e+01
3.316326530612244738e+01
3.877551020408164106e+01
4.540816326530611491e+01
4.387755102040816269e+01
3.724489795918367463e+01
3.163265306122448806e+01
2.704081632653061007e+01
2.346938775510204067e+01
2.091836734693877276e+01
1.938775510204081343e+01
1.887755102040816269e+01
1.938775510204081343e+01
2.091836734693877631e+01
2.346938775510204067e+01
2.704081632653061362e+01
3.163265306122448806e+01
3.724489795918367463e+01
4.387755102040816269e+01
4.336734693877551194e+01
3.673469387755101678e+01
3.112244897959183376e+01
2.653061224489795933e+01
2.295918367346938638e+01
2.040816326530612201e+01
1.887755102040816269e+01
1.836734693877550839e+01
1.887755102040816269e+01
2.040816326530612201e+01
2.295918367346938638e+01
2.653061224489795933e+01
3.112244897959183376e+01
3.673469387755102389e+01
4.336734693877551194e+01
4.387755102040816269e+01
3.724489795918367463e+01
3.163265306122448806e+01
2.704081632653061007e+01
2.346938775510204067e+01
2.091836734693877276e+01
1.938775510204081343e+01
1.887755102040816269e+01
1.938775510204081343e+01
2.091836734693877631e+01
2.346938775510204067e+01
2.704081632653061362e+01
3.163265306122448806e+01
3.724489795918367463e+01
4.387755102040816269e+01
4.540816326530612201e+01
3.877551020408162685e+01
3.316326530612244738e+01
2.857142857142856940e+01
2.500000000000000000e+01
2.244897959183673208e+01
2.091836734693877631e+01
2.040816326530612201e+01
2.091836734693877631e+01
2.244897959183673564e+01
2.500000000000000000e+01
2.857142857142857650e+01
3.316326530612244738e+01
3.877551020408164106e+01
4.540816326530612201e+01
4.795918367346938282e+01
4.132653061224489477e+01
3.571428571428570820e+01
3.112244897959183731e+01
2.755102040816326436e+01
2.500000000000000000e+01
2.346938775510204067e+01
2.295918367346938638e+01
2.346938775510204067e+01
2.500000000000000000e+01
2.755102040816326792e+01
3.112244897959184087e+01
3.571428571428570820e+01
4.132653061224490187e+01
4.795918367346938282e+01
5.153061224489796643e+01
4.489795918367346417e+01
3.928571428571429180e+01
3.469387755102040671e+01
3.112244897959183731e+01
2.857142857142857295e+01
2.704081632653061362e+01
2.653061224489795933e+01
2.704081632653061362e+01
2.857142857142857650e+01
3.112244897959184087e+01
3.469387755102041382e+01
3.928571428571429180e+01
4.489795918367347838e+01
5.153061224489796643e+01
5.612244897959183731e+01
4.948979591836734215e+01
4.387755102040816269e+01
3.928571428571427759e+01
3.571428571428570820e+01
3.316326530612244738e+01
3.163265306122448806e+01
3.112244897959183376e+01
3.163265306122448806e+01
3.316326530612244738e+01
3.571428571428570820e+01
3.928571428571429180e+01
4.387755102040816269e+01
4.948979591836734926e+01
5.612244897959183731e+01
6.173469387755102389e+01
5.510204081632653583e+01
4.948979591836734926e+01
4.489795918367347838e+01
4.132653061224490187e+01
3.877551020408164106e+01
3.724489795918367463e+01
3.673469387755102389e+01
3.724489795918367463e+01
3.877551020408164106e+01
4.132653061224490187e+01
4.489795918367347838e+01
4.948979591836734926e+01
5.510204081632653583e+01
6.173469387755102389e+01
6.836734693877551194e+01
6.173469387755102389e+01
5.612244897959183731e+01
5.153061224489795222e+01
4.795918367346938282e+01
4.540816326530611491e+01
4.387755102040816269e+01
4.336734693877551194e+01
4.387755102040816269e+01
4.540816326530612201e+01
4.795918367346938282e+01
5.153061224489796643e+01
5.612244897959183731e+01
6.173469387755102389e+01
6.836734693877551194e+01
6.275510204081632537e+01
5.612244897959183731e+01
5.051020408163265074e+01
4.591836734693877276e+01
4.234693877551020336e+01
3.979591836734693544e+01
3.826530612244897611e+01
3.775510204081632537e+01
3.826530612244897611e+01
3.979591836734694255e+01
4.234693877551020336e+01
4.591836734693877986e+01
5.051020408163265074e+01
5.612244897959183731e+01
6.275510204081632537e+01
5.612244897959183731e+01
4.948979591836734215e+01
4.387755102040816269e+01
3.928571428571428470e+01
3.571428571428570820e+01
3.316326530612244738e+01
3.163265306122448806e+01
3.112244897959183376e+01
3.163265306122448806e+01
3.316326530612244738e+01
3.571428571428570820e+01
3.928571428571428470e+01
4.387755102040816269e+01
4.948979591836734926e+01
5.612244897959183731e+01
5.051020408163265074e+01
4.387755102040816269e+01
3.826530612244897611e+01
3.367346938775509813e+01
3.010204081632652873e+01
2.755102040816326081e+01
2.602040816326530148e+01
2.551020408163265074e+01
2.602040816326530148e+01
2.755102040816326436e+01
3.010204081632652873e+01
3.367346938775510523e+01
3.826530612244897611e+01
4.387755102040816269e+01
5.051020408163265074e+01
4.591836734693877276e+01
3.928571428571428470e+01
3.367346938775509813e+01
2.908163265306122369e+01
2.551020408163265074e+01
2.295918367346938638e+01
2.142857142857142705e+01
2.091836734693877276e+01
2.142857142857142705e+01
2.295918367346938993e+01
2.551020408163265429e+01
2.908163265306122724e+01
3.367346938775509813e+01
3.928571428571429180e+01
4.591836734693877276e+01
4.234693877551020336e+01
3.571428571428570820e+01
3.010204081632652873e+01
2.551020408163265074e+01
2.193877551020408134e+01
1.938775510204081343e+01
1.785714285714285410e+01
1.734693877551020336e+01
1.785714285714285410e+01
1.938775510204081343e+01
2.193877551020408134e+01
2.551020408163265429e+01
3.010204081632652873e+01
3.571428571428572241e+01
4.234693877551020336e+01
3.979591836734693544e+01
3.316326530612244738e+01
2.755102040816326081e+01
2.295918367346938638e+01
1.938775510204081343e+01
1.683673469387754906e+01
1.530612244897958973e+01
1.479591836734693722e+01
1.530612244897958973e+01
1.683673469387755262e+01
1.938775510204081698e+01
2.295918367346938993e+01
2.755102040816326081e+01
3.316326530612245449e+01
3.979591836734693544e+01
3.826530612244897611e+01
3.163265306122448806e+01
2.602040816326530148e+01
2.142857142857142705e+01
1.785714285714285410e+01
1.530612244897958973e+01
1.377551020408163218e+01
1.326530612244897789e+01
1.377551020408163218e+01
1.530612244897959151e+01
1.785714285714285765e+01
2.142857142857143060e+01
2.602040816326530148e+01
3.163265306122449516e+01
3.826530612244897611e+01
3.775510204081632537e+01
3.112244897959183376e+01
2.551020408163265074e+01
2.091836734693877276e+01
1.734693877551020336e+01
1.479591836734693722e+01
1.326530612244897789e+01
1.275510204081632537e+01
1.326530612244897789e+01
1.479591836734693899e+01
1.734693877551020336e+01
2.091836734693877986e+01
2.551020408163265074e+01
3.112244897959184087e+01
3.775510204081632537e+01
3.826530612244897611e+01
3.163265306122448806e+01
2.602040816326530148e+01
2.142857142857142705e+01
1.785714285714285410e+01
1.530612244897958973e+01
1.377551020408163218e+01
1.326530612244897789e+01
1.377551020408163218e+01
1.530612244897959151e+01
1.785714285714285765e+01
2.142857142857143060e+01
2.602040816326530148e+01
3.163265306122449516e+01
3.826530612244897611e+01
3.979591836734694255e+01
3.316326530612244738e+01
2.755102040816326436e+01
2.295918367346938993e+01
1.938775510204081343e+01
1.683673469387755262e+01
1.530612244897959151e+01
1.479591836734693899e+01
1.530612244897959151e+01
1.683673469387755262e+01
1.938775510204081698e+01
2.295918367346938993e+01
2.755102040816326436e+01
3.316326530612245449e+01
3.979591836734694255e+01
4.234693877551020336e+01
3.571428571428570820e+01
3.010204081632652873e+01
2.551020408163265429e+01
2.193877551020408134e+01
1.938775510204081698e+01
1.785714285714285765e+01
1.734693877551020336e+01
1.785714285714285765e+01
1.938775510204081698e+01
2.193877551020408134e+01
2.551020408163265785e+01
3.010204081632652873e+01
3.571428571428572241e+01
4.234693877551020336e+01
4.591836734693877986e+01
3.928571428571428470e+01
3.367346938775510523e+01
2.908163265306122724e+01
2.551020408163265429e+01
2.295918367346938993e+01
2.142857142857143060e+01
2.091836734693877986e+01
2.142857142857143060e+01
2.295918367346938993e+01
2.551020408163265785e+01
2.908163265306123080e+01
3.367346938775510523e+01
3.928571428571429180e+01
4.591836734693877986e+01
5.051020408163265074e+01
4.387755102040816269e+01
3.826530612244897611e+01
3.367346938775509813e+01
3.010204081632652873e+01
2.755102040816326081e+01
2.602040816326530148e+01
2.551020408163265074e+01
2.602040816326530148e+01
2.755102040816326436e+01
3.010204081632652873e+01
3.367346938775510523e+01
3.826530612244897611e+01
4.387755102040816269e+01
5.051020408163265074e+01
5.612244897959183731e+01
4.948979591836734926e+01
4.387755102040816269e+01
3.928571428571429180e+01
3.571428571428572241e+01
3.316326530612245449e+01
3.163265306122449516e+01
3.112244897959184087e+01
3.163265306122449516e+01
3.316326530612245449e+01
3.571428571428572241e+01
3.928571428571429180e+01
4.387755102040816269e+01
4.948979591836735636e+01
5.612244897959183731e+01
6.275510204081632537e+01
5.612244897959183731e+01
5.051020408163265074e+01
4.591836734693877276e+01
4.234693877551020336e+01
3.979591836734693544e+01
3.826530612244897611e+01
3.775510204081632537e+01
3.826530612244897611e+01
3.979591836734694255e+01
4.234693877551020336e+01
4.591836734693877986e+01
5.051020408163265074e+01
5.612244897959183731e+01
6.275510204081632537e+01
5.816326530612244738e+01
5.153061224489795933e+01
4.591836734693877276e+01
4.132653061224489477e+01
3.775510204081632537e+01
3.520408163265305745e+01
3.367346938775510523e+01
3.316326530612244738e+01
3.367346938775510523e+01
3.520408163265306456e+01
3.775510204081632537e+01
4.132653061224490187e+01
4.591836734693877276e+01
5.153061224489795933e+01
5.816326530612244738e+01
5.153061224489795933e+01
4.489795918367346417e+01
3.928571428571428470e+01
3.469387755102040671e+01
3.112244897959183731e+01
2.857142857142856940e+01
2.704081632653061007e+01
2.653061224489795933e+01
2.704081632653061007e+01
2.857142857142856940e+01
3.112244897959183731e+01
3.469387755102040671e+01
3.928571428571428470e+01
4.489795918367347127e+01
5.153061224489795933e+01
4.591836734693877276e+01
3.928571428571428470e+01
3.367346938775509813e+01
2.908163265306122014e+01
2.551020408163265074e+01
2.295918367346938638e+01
2.142857142857142705e+01
2.091836734693877276e+01
2.142857142857142705e+01
2.295918367346938993e+01
2.551020408163265074e+01
2.908163265306122724e+01
3.367346938775509813e+01
3.928571428571429180e+01
4.591836734693877276e+01
4.132653061224489477e+01
3.469387755102040671e+01
2.908163265306122014e+01
2.448979591836734926e+01
2.091836734693877276e+01
1.836734693877551194e+01
1.683673469387755262e+01
1.632653061224489832e+01
1.683673469387755262e+01
1.836734693877551194e+01
2.091836734693877986e+01
2.448979591836734926e+01
2.908163265306122014e+01
3.469387755102041382e+01
4.132653061224489477e+01
3.775510204081632537e+01
3.112244897959183731e+01
2.551020408163265074e+01
2.091836734693877276e+01
1.734693877551020336e+01
1.479591836734693899e+01
1.326530612244897966e+01
1.275510204081632537e+01
1.326530612244897966e+01
1.479591836734693899e+01
1.734693877551020336e+01
2.091836734693877986e+01
2.551020408163265074e+01
3.112244897959184442e+01
3.775510204081632537e+01
3.520408163265305745e+01
2.857142857142856940e+01
2.295918367346938638e+01
1.836734693877551194e+01
1.479591836734693899e+01
1.224489795918367285e+01
1.071428571428571530e+01
1.020408163265306101e+01
1.071428571428571530e+01
1.224489795918367463e+01
1.479591836734693899e+01
1.836734693877551194e+01
2.295918367346938638e+01
2.857142857142857650e+01
3.520408163265305745e+01
3.367346938775510523e+01
2.704081632653061007e+01
2.142857142857142705e+01
1.683673469387755262e+01
1.326530612244897966e+01
1.071428571428571530e+01
9.183673469387755972e+00
8.673469387755101678e+00
9.183673469387755972e+00
1.071428571428571530e+01
1.326530612244898144e+01
1.683673469387755262e+01
2.142857142857142705e+01
2.704081632653061718e+01
3.367346938775510523e+01
3.316326530612244738e+01
2.653061224489795933e+01
2.091836734693877276e+01
1.632653061224489832e+01
1.275510204081632537e+01
1.020408163265306101e+01
8.673469387755101678e+00
8.163265306122449161e+00
8.673469387755101678e+00
1.020408163265306278e+01
1.275510204081632892e+01
1.632653061224490187e+01
2.091836734693877276e+01
2.653061224489796643e+01
3.316326530612244738e+01
3.367346938775510523e+01
2.704081632653061007e+01
2.142857142857142705e+01
1.683673469387755262e+01
1.326530612244897966e+01
1.071428571428571530e+01
9.183673469387755972e+00
8.673469387755101678e+00
9.183673469387755972e+00
1.071428571428571530e+01
1.326530612244898144e+01
1.683673469387755262e+01
2.142857142857142705e+01
2.704081632653061718e+01
3.367346938775510523e+01
3.520408163265306456e+01
2.857142857142856940e+01
2.295918367346938993e+01
1.836734693877551194e+01
1.479591836734693899e+01
1.224489795918367463e+01
1.071428571428571530e+01
1.020408163265306278e+01
1.071428571428571530e+01
1.224489795918367463e+01
1.479591836734694077e+01
1.836734693877551550e+01
2.295918367346938993e+01
2.857142857142857650e+01
3.520408163265306456e+01
3.775510204081632537e+01
3.112244897959183731e+01
2.551020408163265074e+01
2.091836734693877986e+01
1.734693877551020336e+01
1.479591836734693899e+01
1.326530612244898144e+01
1.275510204081632892e+01
1.326530612244898144e+01
1.479591836734694077e+01
1.734693877551020691e+01
2.091836734693877986e+01
2.551020408163265074e+01
3.112244897959184442e+01
3.775510204081632537e+01
4.132653061224490187e+01
3.469387755102040671e+01
2.908163265306122724e+01
2.448979591836734926e+01
2.091836734693877986e+01
1.836734693877551194e+01
1.683673469387755262e+01
1.632653061224490187e+01
1.683673469387755262e+01
1.836734693877551550e+01
2.091836734693877986e+01
2.448979591836735636e+01
2.908163265306122724e+01
3.469387755102041382e+01
4.132653061224490187e+01
4.591836734693877276e+01
3.928571428571428470e+01
3.367346938775509813e+01
2.908163265306122014e+01
2.551020408163265074e+01
2.295918367346938638e+01
2.142857142857142705e+01
2.091836734693877276e+01
2.142857142857142705e+01
2.295918367346938993e+01
2.551020408163265074e+01
2.908163265306122724e+01
3.367346938775509813e+01
3.928571428571429180e+01
4.591836734693877276e+01
5.153061224489795933e+01
4.489795918367347127e+01
3.928571428571429180e+01
3.469387755102041382e+01
3.112244897959184442e+01
2.857142857142857650e+01
2.704081632653061718e+01
2.653061224489796643e+01
2.704081632653061718e+01
2.857142857142857650e+01
3.112244897959184442e+01
3.469387755102041382e+01
3.928571428571429180e+01
4.489795918367347838e+01
5.153061224489795933e+01
5.816326530612244738e+01
5.153061224489795933e+01
4.591836734693877276e+01
4.132653061224489477e+01
3.775510204081632537e+01
3.520408163265305745e+01
3.367346938775510523e+01
3.316326530612244738e+01
3.367346938775510523e+01
3.520408163265306456e+01
3.775510204081632537e+01
4.132653061224490187e+01
4.591836734693877276e+01
5.153061224489795933e+01
5.816326530612244738e+01
5.459183673469387799e+01
4.795918367346938993e+01
4.234693877551020336e+01
3.775510204081632537e+01
3.418367346938775597e+01
3.163265306122448806e+01
3.010204081632653228e+01
2.959183673469387799e+01
3.010204081632653228e+01
3.163265306122449161e+01
3.418367346938775597e+01
3.775510204081633248e+01
4.234693877551020336e+01
4.795918367346938993e+01
5.459183673469387799e+01
4.795918367346938993e+01
4.132653061224489477e+01
3.571428571428570820e+01
3.112244897959183731e+01
2.755102040816326436e+01
2.500000000000000000e+01
2.346938775510204067e+01
2.295918367346938638e+01
2.346938775510204067e+01
2.500000000000000000e+01
2.755102040816326436e+01
3.112244897959183731e+01
3.571428571428570820e+01
4.132653061224490187e+01
4.795918367346938993e+01
4.234693877551020336e+01
3.571428571428570820e+01
3.010204081632652873e+01
2.551020408163265074e+01
2.193877551020408134e+01
1.938775510204081343e+01
1.785714285714285410e+01
1.734693877551020336e+01
1.785714285714285410e+01
1.938775510204081698e+01
2.193877551020408134e+01
2.551020408163265785e+01
3.010204081632652873e+01
3.571428571428571530e+01
4.234693877551020336e+01
3.775510204081632537e+01
3.112244897959183731e+01
2.551020408163265074e+01
2.091836734693877631e+01
1.734693877551020336e+01
1.479591836734693899e+01
1.326530612244897966e+01
1.275510204081632537e+01
1.326530612244897966e+01
1.479591836734693899e+01
1.734693877551020691e+01
2.091836734693877986e+01
2.551020408163265074e+01
3.112244897959184442e+01
3.775510204081632537e+01
3.418367346938775597e+01
2.755102040816326436e+01
2.193877551020408134e+01
1.734693877551020336e+01
1.377551020408163041e+01
1.122448979591836604e+01
9.693877551020406713e+00
9.183673469387754196e+00
9.693877551020406713e+00
1.122448979591836604e+01
1.377551020408163396e+01
1.734693877551020691e+01
2.193877551020408134e+01
2.755102040816327147e+01
3.418367346938775597e+01
3.163265306122448806e+01
2.500000000000000000e+01
1.938775510204081343e+01
1.479591836734693899e+01
1.122448979591836604e+01
8.673469387755101678e+00
7.142857142857142350e+00
6.632653061224488944e+00
7.142857142857142350e+00
8.673469387755101678e+00
1.122448979591836782e+01
1.479591836734694255e+01
1.938775510204081343e+01
2.500000000000000711e+01
3.163265306122448806e+01
3.010204081632653228e+01
2.346938775510204067e+01
1.785714285714285410e+01
1.326530612244897966e+01
9.693877551020406713e+00
7.142857142857142350e+00
5.612244897959183909e+00
5.102040816326530503e+00
5.612244897959183909e+00
7.142857142857144126e+00
9.693877551020410266e+00
1.326530612244898322e+01
1.785714285714285410e+01
2.346938775510204778e+01
3.010204081632653228e+01
2.959183673469387799e+01
2.295918367346938638e+01
1.734693877551020336e+01
1.275510204081632537e+01
9.183673469387754196e+00
6.632653061224488944e+00
5.102040816326530503e+00
4.591836734693877098e+00
5.102040816326530503e+00
6.632653061224489832e+00
9.183673469387755972e+00
1.275510204081632892e+01
1.734693877551020336e+01
2.295918367346939348e+01
2.959183673469387799e+01
3.010204081632653228e+01
2.346938775510204067e+01
1.785714285714285410e+01
1.326530612244897966e+01
9.693877551020406713e+00
7.142857142857142350e+00
5.612244897959183909e+00
5.102040816326530503e+00
5.612244897959183909e+00
7.142857142857144126e+00
9.693877551020410266e+00
1.326530612244898322e+01
1.785714285714285410e+01
2.346938775510204778e+01
3.010204081632653228e+01
3.163265306122449161e+01
2.500000000000000000e+01
1.938775510204081698e+01
1.479591836734693899e+01
1.122448979591836604e+01
8.673469387755101678e+00
7.142857142857144126e+00
6.632653061224489832e+00
7.142857142857144126e+00
8.673469387755103455e+00
1.122448979591836959e+01
1.479591836734694255e+01
1.938775510204081698e+01
2.500000000000000711e+01
3.163265306122449161e+01
3.418367346938775597e+01
2.755102040816326436e+01
2.193877551020408134e+01
1.734693877551020691e+01
1.377551020408163396e+01
1.122448979591836782e+01
9.693877551020410266e+00
9.183673469387755972e+00
9.693877551020410266e+00
1.122448979591836959e+01
1.377551020408163396e+01
1.734693877551021046e+01
2.193877551020408134e+01
2.755102040816327147e+01
3.418367346938775597e+01
3.775510204081633248e+01
3.112244897959183731e+01
2.551020408163265785e+01
2.091836734693877986e+01
1.734693877551020691e+01
1.479591836734694255e+01
1.326530612244898322e+01
1.275510204081632892e+01
1.326530612244898322e+01
1.479591836734694255e+01
1.734693877551021046e+01
2.091836734693878341e+01
2.551020408163265785e+01
3.112244897959184442e+01
3.775510204081633248e+01
4.234693877551020336e+01
3.571428571428570820e+01
3.010204081632652873e+01
2.551020408163265074e+01
2.193877551020408134e+01
1.938775510204081343e+01
1.785714285714285410e+01
1.734693877551020336e+01
1.785714285714285410e+01
1.938775510204081698e+01
2.193877551020408134e+01
2.551020408163265785e+01
3.010204081632652873e+01
3.571428571428571530e+01
4.234693877551020336e+01
4.795918367346938993e+01
4.132653061224490187e+01
3.571428571428571530e+01
3.112244897959184442e+01
2.755102040816327147e+01
2.500000000000000711e+01
2.346938775510204778e+01
2.295918367346939348e+01
2.346938775510204778e+01
2.500000000000000711e+01
2.755102040816327147e+01
3.112244897959184442e+01
3.571428571428571530e+01
4.132653061224490898e+01
4.795918367346938993e+01
5.459183673469387799e+01
4.795918367346938993e+01
4.234693877551020336e+01
3.775510204081632537e+01
3.418367346938775597e+01
3.163265306122448806e+01
3.010204081632653228e+01
2.959183673469387799e+01
3.010204081632653228e+01
3.163265306122449161e+01
3.418367346938775597e+01
3.775510204081633248e+01
4.234693877551020336e+01
4.795918367346938993e+01
5.459183673469387799e+01
5.204081632653061007e+01
4.540816326530612201e+01
3.979591836734693544e+01
3.520408163265305745e+01
3.163265306122448806e+01
2.908163265306122014e+01
2.755102040816326792e+01
2.704081632653061007e+01
2.755102040816326792e+01
2.908163265306122724e+01
3.163265306122448806e+01
3.520408163265306456e+01
3.979591836734693544e+01
4.540816326530612201e+01
5.204081632653061007e+01
4.540816326530612201e+01
3.877551020408162685e+01
3.316326530612244738e+01
2.857142857142856940e+01
2.500000000000000000e+01
2.244897959183673208e+01
2.091836734693877276e+01
2.040816326530612201e+01
2.091836734693877276e+01
2.244897959183673208e+01
2.500000000000000000e+01
2.857142857142856940e+01
3.316326530612244738e+01
3.877551020408163396e+01
4.540816326530612201e+01
3.979591836734693544e+01
3.316326530612244738e+01
2.755102040816326081e+01
2.295918367346938282e+01
1.938775510204081343e+01
1.683673469387754906e+01
1.530612244897958973e+01
1.479591836734693722e+01
1.530612244897958973e+01
1.683673469387755262e+01
1.938775510204081343e+01
2.295918367346938993e+01
2.755102040816326081e+01
3.316326530612245449e+01
3.979591836734693544e+01
3.520408163265305745e+01
2.857142857142856940e+01
2.295918367346938282e+01
1.836734693877551194e+01
1.479591836734693722e+01
1.224489795918367285e+01
1.071428571428571352e+01
1.020408163265306101e+01
1.071428571428571352e+01
1.224489795918367463e+01
1.479591836734694077e+01
1.836734693877551194e+01
2.295918367346938282e+01
2.857142857142857650e+01
3.520408163265305745e+01
3.163265306122448806e+01
2.500000000000000000e+01
1.938775510204081343e+01
1.479591836734693722e+01
1.122448979591836604e+01
8.673469387755101678e+00
7.142857142857142350e+00
6.632653061224488944e+00
7.142857142857142350e+00
8.673469387755101678e+00
1.122448979591836782e+01
1.479591836734694077e+01
1.938775510204081343e+01
2.500000000000000711e+01
3.163265306122448806e+01
2.908163265306122014e+01
2.244897959183673208e+01
1.683673469387754906e+01
1.224489795918367285e+01
8.673469387755101678e+00
6.122448979591835538e+00
4.591836734693877098e+00
4.081632653061223692e+00
4.591836734693877098e+00
6.122448979591837315e+00
8.673469387755101678e+00
1.224489795918367641e+01
1.683673469387754906e+01
2.244897959183673919e+01
2.908163265306122014e+01
2.755102040816326792e+01
2.091836734693877276e+01
1.530612244897958973e+01
1.071428571428571352e+01
7.142857142857142350e+00
4.591836734693877098e+00
3.061224489795918657e+00
2.551020408163265252e+00
3.061224489795918657e+00
4.591836734693877986e+00
7.142857142857144126e+00
1.071428571428571708e+01
1.530612244897958973e+01
2.091836734693877986e+01
2.755102040816326792e+01
2.704081632653061007e+01
2.040816326530612201e+01
1.479591836734693722e+01
1.020408163265306101e+01
6.632653061224488944e+00
4.081632653061223692e+00
2.551020408163265252e+00
2.040816326530611846e+00
2.551020408163265252e+00
4.081632653061225469e+00
6.632653061224490720e+00
1.020408163265306456e+01
1.479591836734693722e+01
2.040816326530612912e+01
2.704081632653061007e+01
2.755102040816326792e+01
2.091836734693877276e+01
1.530612244897958973e+01
1.071428571428571352e+01
7.142857142857142350e+00
4.591836734693877098e+00
3.061224489795918657e+00
2.551020408163265252e+00
3.061224489795918657e+00
4.591836734693877986e+00
7.142857142857144126e+00
1.071428571428571708e+01
1.530612244897958973e+01
2.091836734693877986e+01
2.755102040816326792e+01
2.908163265306122724e+01
2.244897959183673208e+01
1.683673469387755262e+01
1.224489795918367463e+01
8.673469387755101678e+00
6.122448979591837315e+00
4.591836734693877986e+00
4.081632653061225469e+00
4.591836734693877986e+00
6.122448979591838203e+00
8.673469387755103455e+00
1.224489795918367818e+01
1.683673469387755262e+01
2.244897959183673919e+01
2.908163265306122724e+01
3.163265306122448806e+01
2.500000000000000000e+01
1.938775510204081343e+01
1.479591836734694077e+01
1.122448979591836782e+01
8.673469387755101678e+00
7.142857142857144126e+00
6.632653061224490720e+00
7.142857142857144126e+00
8.673469387755103455e+00
1.122448979591836959e+01
1.479591836734694432e+01
1.938775510204081343e+01
2.500000000000000711e+01
3.163265306122448806e+01
3.520408163265306456e+01
2.857142857142856940e+01
2.295918367346938993e+01
1.836734693877551194e+01
1.479591836734694077e+01
1.224489795918367641e+01
1.071428571428571708e+01
1.020408163265306456e+01
1.071428571428571708e+01
1.224489795918367818e+01
1.479591836734694432e+01
1.836734693877551905e+01
2.295918367346938993e+01
2.857142857142857650e+01
3.520408163265306456e+01
3.979591836734693544e+01
3.316326530612244738e+01
2.755102040816326081e+01
2.295918367346938282e+01
1.938775510204081343e+01
1.683673469387754906e+01
1.530612244897958973e+01
1.479591836734693722e+01
1.530612244897958973e+01
1.683673469387755262e+01
1.938775510204081343e+01
2.295918367346938993e+01
2.755102040816326081e+01
3.316326530612245449e+01
3.979591836734693544e+01
4.540816326530612201e+01
3.877551020408163396e+01
3.316326530612245449e+01
2.857142857142857650e+01
2.500000000000000711e+01
2.244897959183673919e+01
2.091836734693877986e+01
2.040816326530612912e+01
2.091836734693877986e+01
2.244897959183673919e+01
2.500000000000000711e+01
2.857142857142857650e+01
3.316326530612245449e+01
3.877551020408164106e+01
4.540816326530612201e+01
5.204081632653061007e+01
4.540816326530612201e+01
3.979591836734693544e+01
3.520408163265305745e+01
3.163265306122448806e+01
2.908163265306122014e+01
2.755102040816326792e+01
2.704081632653061007e+01
2.755102040816326792e+01
2.908163265306122724e+01
3.163265306122448806e+01
3.520408163265306456e+01
3.979591836734693544e+01
4.540816326530612201e+01
5.204081632653061007e+01
5.051020408163265074e+01
4.387755102040816269e+01
3.826530612244897611e+01
3.367346938775509813e+01
3.010204081632653228e+01
2.755102040816326436e+01
2.602040816326530859e+01
2.551020408163265429e+01
2.602040816326530859e+01
2.755102040816326792e+01
3.010204081632653228e+01
3.367346938775510523e+01
3.826530612244897611e+01
4.387755102040816269e+01
5.051020408163265074e+01
4.387755102040816269e+01
3.724489795918366752e+01
3.163265306122448806e+01
2.704081632653061362e+01
2.346938775510204067e+01
2.091836734693877631e+01
1.938775510204081698e+01
1.887755102040816269e+01
1.938775510204081698e+01
2.091836734693877631e+01
2.346938775510204067e+01
2.704081632653061362e+01
3.163265306122448806e+01
3.724489795918367463e+01
4.387755102040816269e+01
3.826530612244897611e+01
3.163265306122448806e+01
2.602040816326530503e+01
2.142857142857142705e+01
1.785714285714285765e+01
1.530612244897958973e+01
1.377551020408163041e+01
1.326530612244897789e+01
1.377551020408163041e+01
1.530612244897959151e+01
1.785714285714285765e+01
2.142857142857143415e+01
2.602040816326530503e+01
3.163265306122449516e+01
3.826530612244897611e+01
3.367346938775509813e+01
2.704081632653061362e+01
2.142857142857142705e+01
1.683673469387755262e+01
1.326530612244897789e+01
1.071428571428571352e+01
9.183673469387754196e+00
8.673469387755101678e+00
9.183673469387754196e+00
1.071428571428571530e+01
1.326530612244898144e+01
1.683673469387755617e+01
2.142857142857142705e+01
2.704081632653062073e+01
3.367346938775509813e+01
3.010204081632653228e+01
2.346938775510204067e+01
1.785714285714285765e+01
1.326530612244897789e+01
9.693877551020406713e+00
7.142857142857142350e+00
5.612244897959183909e+00
5.102040816326530503e+00
5.612244897959183909e+00
7.142857142857143238e+00
9.693877551020408490e+00
1.326530612244898144e+01
1.785714285714285765e+01
2.346938775510204778e+01
3.010204081632653228e+01
2.755102040816326436e+01
2.091836734693877631e+01
1.530612244897958973e+01
1.071428571428571352e+01
7.142857142857142350e+00
4.591836734693877098e+00
3.061224489795918657e+00
2.551020408163265252e+00
3.061224489795918657e+00
4.591836734693878874e+00
7.142857142857144126e+00
1.071428571428571708e+01
1.530612244897958973e+01
2.091836734693878341e+01
2.755102040816326436e+01
2.602040816326530859e+01
1.938775510204081698e+01
1.377551020408163041e+01
9.183673469387754196e+00
5.612244897959183909e+00
3.061224489795918657e+00
1.530612244897959773e+00
1.020408163265306589e+00
1.530612244897959773e+00
3.061224489795919990e+00
5.612244897959185685e+00
9.183673469387757748e+00
1.377551020408163041e+01
1.938775510204082408e+01
2.602040816326530859e+01
2.551020408163265429e+01
1.887755102040816269e+01
1.326530612244897789e+01
8.673469387755101678e+00
5.102040816326530503e+00
2.551020408163265252e+00
1.020408163265306589e+00
5.102040816326532946e-01
1.020408163265306589e+00
2.551020408163266584e+00
5.102040816326532280e+00
8.673469387755105231e+00
1.326530612244897789e+01
1.887755102040816979e+01
2.551020408163265429e+01
2.602040816326530859e+01
1.938775510204081698e+01
1.377551020408163041e+01
9.183673469387754196e+00
5.612244897959183909e+00
3.061224489795918657e+00
1.530612244897959773e+00
1.020408163265306589e+00
1.530612244897959773e+00
3.061224489795919990e+00
5.612244897959185685e+00
9.183673469387757748e+00
1.377551020408163041e+01
1.938775510204082408e+01
2.602040816326530859e+01
2.755102040816326792e+01
2.091836734693877631e+01
1.530612244897959151e+01
1.071428571428571530e+01
7.142857142857143238e+00
4.591836734693878874e+00
3.061224489795919990e+00
2.551020408163266584e+00
3.061224489795919990e+00
4.591836734693879762e+00
7.142857142857145014e+00
1.071428571428571885e+01
1.530612244897959151e+01
2.091836734693878341e+01
2.755102040816326792e+01
3.010204081632653228e+01
2.346938775510204067e+01
1.785714285714285765e+01
1.326530612244898144e+01
9.693877551020408490e+00
7.142857142857144126e+00
5.612244897959185685e+00
5.102040816326532280e+00
5.612244897959185685e+00
7.142857142857145014e+00
9.693877551020410266e+00
1.326530612244898499e+01
1.785714285714285765e+01
2.346938775510204778e+01
3.010204081632653228e+01
3.367346938775510523e+01
2.704081632653061362e+01
2.142857142857143415e+01
1.683673469387755617e+01
1.326530612244898144e+01
1.071428571428571708e+01
9.183673469387757748e+00
8.673469387755105231e+00
9.183673469387757748e+00
1.071428571428571885e+01
1.326530612244898499e+01
1.683673469387755972e+01
2.142857142857143415e+01
2.704081632653062073e+01
3.367346938775510523e+01
3.826530612244897611e+01
3.163265306122448806e+01
2.602040816326530503e+01
2.142857142857142705e+01
1.785714285714285765e+01
1.530612244897958973e+01
1.377551020408163041e+01
1.326530612244897789e+01
1.377551020408163041e+01
1.530612244897959151e+01
1.785714285714285765e+01
2.142857142857143415e+01
2.602040816326530503e+01
3.163265306122449516e+01
3.826530612244897611e+01
4.387755102040816269e+01
3.724489795918367463e+01
3.163265306122449516e+01
2.704081632653062073e+01
2.346938775510204778e+01
2.091836734693878341e+01
1.938775510204082408e+01
1.887755102040816979e+01
1.938775510204082408e+01
2.091836734693878341e+01
2.346938775510204778e+01
2.704081632653062073e+01
3.163265306122449516e+01
3.724489795918368173e+01
4.387755102040816269e+01
5.051020408163265074e+01
4.387755102040816269e+01
3.826530612244897611e+01
3.367346938775509813e+01
3.010204081632653228e+01
2.755102040816326436e+01
2.602040816326530859e+01
2.551020408163265429e+01
2.602040816326530859e+01
2.755102040816326792e+01
3.010204081632653228e+01
3.367346938775510523e+01
3.826530612244897611e+01
4.387755102040816269e+01
5.051020408163265074e+01
5.000000000000000000e+01
4.336734693877551194e+01
3.775510204081632537e+01
3.316326530612244738e+01
2.959183673469387799e+01
2.704081632653061007e+01
2.551020408163265429e+01
2.500000000000000000e+01
2.551020408163265429e+01
2.704081632653061362e+01
2.959183673469387799e+01
3.316326530612245449e+01
3.775510204081632537e+01
4.336734693877551194e+01
5.000000000000000000e+01
4.336734693877551194e+01
3.673469387755101678e+01
3.112244897959183376e+01
2.653061224489795933e+01
2.295918367346938638e+01
2.040816326530612201e+01
1.887755102040816269e+01
1.836734693877550839e+01
1.887755102040816269e+01
2.040816326530612201e+01
2.295918367346938638e+01
2.653061224489795933e+01
3.112244897959183376e+01
3.673469387755102389e+01
4.336734693877551194e+01
3.775510204081632537e+01
3.112244897959183376e+01
2.551020408163265074e+01
2.091836734693877276e+01
1.734693877551020336e+01
1.479591836734693722e+01
1.326530612244897789e+01
1.275510204081632537e+01
1.326530612244897789e+01
1.479591836734693899e+01
1.734693877551020336e+01
2.091836734693877986e+01
2.551020408163265074e+01
3.112244897959184087e+01
3.775510204081632537e+01
3.316326530612244738e+01
2.653061224489795933e+01
2.091836734693877276e+01
1.632653061224489832e+01
1.275510204081632537e+01
1.020408163265306101e+01
8.673469387755101678e+00
8.163265306122449161e+00
8.673469387755101678e+00
1.020408163265306278e+01
1.275510204081632892e+01
1.632653061224490187e+01
2.091836734693877276e+01
2.653061224489796643e+01
3.316326530612244738e+01
2.959183673469387799e+01
2.295918367346938638e+01
1.734693877551020336e+01
1.275510204081632537e+01
9.183673469387754196e+00
6.632653061224488944e+00
5.102040816326530503e+00
4.591836734693877098e+00
5.102040816326530503e+00
6.632653061224489832e+00
9.183673469387755972e+00
1.275510204081632892e+01
1.734693877551020336e+01
2.295918367346939348e+01
2.959183673469387799e+01
2.704081632653061007e+01
2.040816326530612201e+01
1.479591836734693722e+01
1.020408163265306101e+01
6.632653061224488944e+00
4.081632653061223692e+00
2.551020408163265252e+00
2.040816326530611846e+00
2.551020408163265252e+00
4.081632653061225469e+00
6.632653061224490720e+00
1.020408163265306456e+01
1.479591836734693722e+01
2.040816326530612912e+01
2.704081632653061007e+01
2.551020408163265429e+01
1.887755102040816269e+01
1.326530612244897789e+01
8.673469387755101678e+00
5.102040816326530503e+00
2.551020408163265252e+00
1.020408163265306589e+00
5.102040816326532946e-01
1.020408163265306589e+00
2.551020408163266584e+00
5.102040816326532280e+00
8.673469387755105231e+00
1.326530612244897789e+01
1.887755102040816979e+01
2.551020408163265429e+01
2.500000000000000000e+01
1.836734693877550839e+01
1.275510204081632537e+01
8.163265306122449161e+00
4.591836734693877098e+00
2.040816326530611846e+00
5.102040816326532946e-01
0.000000000000000000e+00
5.102040816326532946e-01
2.040816326530613178e+00
4.591836734693878874e+00
8.163265306122452714e+00
1.275510204081632537e+01
1.836734693877551550e+01
2.500000000000000000e+01
2.551020408163265429e+01
1.887755102040816269e+01
1.326530612244897789e+01
8.673469387755101678e+00
5.102040816326530503e+00
2.551020408163265252e+00
1.020408163265306589e+00
5.102040816326532946e-01
1.020408163265306589e+00
2.551020408163266584e+00
5.102040816326532280e+00
8.673469387755105231e+00
1.326530612244897789e+01
1.887755102040816979e+01
2.551020408163265429e+01
2.704081632653061362e+01
2.040816326530612201e+01
1.479591836734693899e+01
1.020408163265306278e+01
6.632653061224489832e+00
4.081632653061225469e+00
2.551020408163266584e+00
2.040816326530613178e+00
2.551020408163266584e+00
4.081632653061226357e+00
6.632653061224491609e+00
1.020408163265306634e+01
1.479591836734693899e+01
2.040816326530612912e+01
2.704081632653061362e+01
2.959183673469387799e+01
2.295918367346938638e+01
1.734693877551020336e+01
1.275510204081632892e+01
9.183673469387755972e+00
6.632653061224490720e+00
5.102040816326532280e+00
4.591836734693878874e+00
5.102040816326532280e+00
6.632653061224491609e+00
9.183673469387757748e+00
1.275510204081633248e+01
1.734693877551020336e+01
2.295918367346939348e+01
2.959183673469387799e+01
3.316326530612245449e+01
2.653061224489795933e+01
2.091836734693877986e+01
1.632653061224490187e+01
1.275510204081632892e+01
1.020408163265306456e+01
8.673469387755105231e+00
8.163265306122452714e+00
8.673469387755105231e+00
1.020408163265306634e+01
1.275510204081633248e+01
1.632653061224490543e+01
2.091836734693877986e+01
2.653061224489796643e+01
3.316326530612245449e+01
3.775510204081632537e+01
3.112244897959183376e+01
2.551020408163265074e+01
2.091836734693877276e+01
1.734693877551020336e+01
1.479591836734693722e+01
1.326530612244897789e+01
1.275510204081632537e+01
1.326530612244897789e+01
1.479591836734693899e+01
1.734693877551020336e+01
2.091836734693877986e+01
2.551020408163265074e+01
3.112244897959184087e+01
3.775510204081632537e+01
4.336734693877551194e+01
3.673469387755102389e+01
3.112244897959184087e+01
2.653061224489796643e+01
2.295918367346939348e+01
2.040816326530612912e+01
1.887755102040816979e+01
1.836734693877551550e+01
1.887755102040816979e+01
2.040816326530612912e+01
2.295918367346939348e+01
2.653061224489796643e+01
3.112244897959184087e+01
3.673469387755103099e+01
4.336734693877551194e+01
5.000000000000000000e+01
4.336734693877551194e+01
3.775510204081632537e+01
3.316326530612244738e+01
2.959183673469387799e+01
2.704081632653061007e+01
2.551020408163265429e+01
2.500000000000000000e+01
2.551020408163265429e+01
2.704081632653061362e+01
2.959183673469387799e+01
3.316326530612245449e+01
3.775510204081632537e+01
4.336734693877551194e+01
5.000000000000000000e+01
5.051020408163265074e+01
4.387755102040816269e+01
3.826530612244897611e+01
3.367346938775509813e+01
3.010204081632653228e+01
2.755102040816326436e+01
2.602040816326530859e+01
2.551020408163265429e+01
2.602040816326530859e+01
2.755102040816326792e+01
3.010204081632653228e+01
3.367346938775510523e+01
3.826530612244897611e+01
4.387755102040816269e+01
5.051020408163265074e+01
4.387755102040816269e+01
3.724489795918366752e+01
3.163265306122448806e+01
2.704081632653061362e+01
2.346938775510204067e+01
2.091836734693877631e+01
1.938775510204081698e+01
1.887755102040816269e+01
1.938775510204081698e+01
2.091836734693877631e+01
2.346938775510204067e+01
2.704081632653061362e+01
3.163265306122448806e+01
3.724489795918367463e+01
4.387755102040816269e+01
3.826530612244897611e+01
3.163265306122448806e+01
2.602040816326530503e+01
2.142857142857142705e+01
1.785714285714285765e+01
1.530612244897958973e+01
1.377551020408163041e+01
1.326530612244897789e+01
1.377551020408163041e+01
1.530612244897959151e+01
1.785714285714285765e+01
2.142857142857143415e+01
2.602040816326530503e+01
3.163265306122449516e+01
3.826530612244897611e+01
3.367346938775509813e+01
2.704081632653061362e+01
2.142857142857142705e+01
1.683673469387755262e+01
1.326530612244897789e+01
1.071428571428571352e+01
9.183673469387754196e+00
8.673469387755101678e+00
9.183673469387754196e+00
1.071428571428571530e+01
1.326530612244898144e+01
1.683673469387755617e+01
2.142857142857142705e+01
2.704081632653062073e+01
3.367346938775509813e+01
3.010204081632653228e+01
2.346938775510204067e+01
1.785714285714285765e+01
1.326530612244897789e+01
9.693877551020406713e+00
7.142857142857142350e+00
5.612244897959183909e+00
5.102040816326530503e+00
5.612244897959183909e+00
7.142857142857143238e+00
9.693877551020408490e+00
1.326530612244898144e+01
1.785714285714285765e+01
2.346938775510204778e+01
3.010204081632653228e+01
2.755102040816326436e+01
2.091836734693877631e+01
1.530612244897958973e+01
1.071428571428571352e+01
7.142857142857142350e+00
4.591836734693877098e+00
3.061224489795918657e+00
2.551020408163265252e+00
3.061224489795918657e+00
4.591836734693878874e+00
7.142857142857144126e+00
1.071428571428571708e+01
1.530612244897958973e+01
2.091836734693878341e+01
2.755102040816326436e+01
2.602040816326530859e+01
1.938775510204081698e+01
1.377551020408163041e+01
9.183673469387754196e+00
5.612244897959183909e+00
3.061224489795918657e+00
1.530612244897959773e+00
1.020408163265306589e+00
1.530612244897959773e+00
3.061224489795919990e+00
5.612244897959185685e+00
9.183673469387757748e+00
1.377551020408163041e+01
1.938775510204082408e+01
2.602040816326530859e+01
2.551020408163265429e+01
1.887755102040816269e+01
1.326530612244897789e+01
8.673469387755101678e+00
5.102040816326530503e+00
2.551020408163265252e+00
1.020408163265306589e+00
5.102040816326532946e-01
1.020408163265306589e+00
2.551020408163266584e+00
5.102040816326532280e+00
8.673469387755105231e+00
1.326530612244897789e+01
1.887755102040816979e+01
2.551020408163265429e+01
2.602040816326530859e+01
1.938775510204081698e+01
1.377551020408163041e+01
9.183673469387754196e+00
5.612244897959183909e+00
3.061224489795918657e+00
1.530612244897959773e+00
1.020408163265306589e+00
1.530612244897959773e+00
3.061224489795919990e+00
5.612244897959185685e+00
9.183673469387757748e+00
1.377551020408163041e+01
1.938775510204082408e+01
2.602040816326530859e+01
2.755102040816326792e+01
2.091836734693877631e+01
1.530612244897959151e+01
1.071428571428571530e+01
7.142857142857143238e+00
4.591836734693878874e+00
3.061224489795919990e+00
2.551020408163266584e+00
3.061224489795919990e+00
4.591836734693879762e+00
7.142857142857145014e+00
1.071428571428571885e+01
1.530612244897959151e+01
2.091836734693878341e+01
2.755102040816326792e+01
3.010204081632653228e+01
2.346938775510204067e+01
1.785714285714285765e+01
1.326530612244898144e+01
9.693877551020408490e+00
7.142857142857144126e+00
5.612244897959185685e+00
5.102040816326532280e+00
5.612244897959185685e+00
7.142857142857145014e+00
9.693877551020410266e+00
1.326530612244898499e+01
1.785714285714285765e+01
2.346938775510204778e+01
3.010204081632653228e+01
3.367346938775510523e+01
2.704081632653061362e+01
2.142857142857143415e+01
1.683673469387755617e+01
1.326530612244898144e+01
1.071428571428571708e+01
9.183673469387757748e+00
8.673469387755105231e+00
9.183673469387757748e+00
1.071428571428571885e+01
1.326530612244898499e+01
1.683673469387755972e+01
2.142857142857143415e+01
2.704081632653062073e+01
3.367346938775510523e+01
3.826530612244897611e+01
3.163265306122448806e+01
2.602040816326530503e+01
2.142857142857142705e+01
1.785714285714285765e+01
1.530612244897958973e+01
1.377551020408163041e+01
1.326530612244897789e+01
1.377551020408163041e+01
1.530612244897959151e+01
1.785714285714285765e+01
2.142857142857143415e+01
2.602040816326530503e+01
3.163265306122449516e+01
3.826530612244897611e+01
4.387755102040816269e+01
3.724489795918367463e+01
3.163265306122449516e+01
2.704081632653062073e+01
2.346938775510204778e+01
2.091836734693878341e+01
1.938775510204082408e+01
1.887755102040816979e+01
1.938775510204082408e+01
2.091836734693878341e+01
2.346938775510204778e+01
2.704081632653062073e+01
3.163265306122449516e+01
3.724489795918368173e+01
4.387755102040816269e+01
5.051020408163265074e+01
4.387755102040816269e+01
3.826530612244897611e+01
3.367346938775509813e+01
3.010204081632653228e+01
2.755102040816326436e+01
2.602040816326530859e+01
2.551020408163265429e+01
2.602040816326530859e+01
2.755102040816326792e+01
3.010204081632653228e+01
3.367346938775510523e+01
3.826530612244897611e+01
4.387755102040816269e+01
5.051020408163265074e+01
5.204081632653061007e+01
4.540816326530612201e+01
3.979591836734693544e+01
3.520408163265305745e+01
3.163265306122449161e+01
2.908163265306122369e+01
2.755102040816326792e+01
2.704081632653061362e+01
2.755102040816326792e+01
2.908163265306122724e+01
3.163265306122449161e+01
3.520408163265306456e+01
3.979591836734693544e+01
4.540816326530612201e+01
5.204081632653061007e+01
4.540816326530612201e+01
3.877551020408162685e+01
3.316326530612244738e+01
2.857142857142857295e+01
2.500000000000000000e+01
2.244897959183673564e+01
2.091836734693877631e+01
2.040816326530612201e+01
2.091836734693877631e+01
2.244897959183673564e+01
2.500000000000000000e+01
2.857142857142857295e+01
3.316326530612244738e+01
3.877551020408163396e+01
4.540816326530612201e+01
3.979591836734693544e+01
3.316326530612244738e+01
2.755102040816326436e+01
2.295918367346938638e+01
1.938775510204081698e+01
1.683673469387754906e+01
1.530612244897959151e+01
1.479591836734693899e+01
1.530612244897959151e+01
1.683673469387755262e+01
1.938775510204081698e+01
2.295918367346939348e+01
2.755102040816326436e+01
3.316326530612245449e+01
3.979591836734693544e+01
3.520408163265305745e+01
2.857142857142857295e+01
2.295918367346938638e+01
1.836734693877551194e+01
1.479591836734693899e+01
1.224489795918367463e+01
1.071428571428571530e+01
1.020408163265306278e+01
1.071428571428571530e+01
1.224489795918367641e+01
1.479591836734694255e+01
1.836734693877551550e+01
2.295918367346938638e+01
2.857142857142858006e+01
3.520408163265305745e+01
3.163265306122449161e+01
2.500000000000000000e+01
1.938775510204081698e+01
1.479591836734693899e+01
1.122448979591836782e+01
8.673469387755101678e+00
7.142857142857144126e+00
6.632653061224489832e+00
7.142857142857144126e+00
8.673469387755103455e+00
1.122448979591836959e+01
1.479591836734694255e+01
1.938775510204081698e+01
2.500000000000000711e+01
3.163265306122449161e+01
2.908163265306122369e+01
2.244897959183673564e+01
1.683673469387754906e+01
1.224489795918367463e+01
8.673469387755101678e+00
6.122448979591837315e+00
4.591836734693877986e+00
4.081632653061225469e+00
4.591836734693877986e+00
6.122448979591839091e+00
8.673469387755103455e+00
1.224489795918367818e+01
1.683673469387754906e+01
2.244897959183674274e+01
2.908163265306122369e+01
2.755102040816326792e+01
2.091836734693877631e+01
1.530612244897959151e+01
1.071428571428571530e+01
7.142857142857144126e+00
4.591836734693877986e+00
3.061224489795919546e+00
2.551020408163266584e+00
3.061224489795919546e+00
4.591836734693879762e+00
7.142857142857145902e+00
1.071428571428571885e+01
1.530612244897959151e+01
2.091836734693878341e+01
2.755102040816326792e+01
2.704081632653061362e+01
2.040816326530612201e+01
1.479591836734693899e+01
1.020408163265306278e+01
6.632653061224489832e+00
4.081632653061225469e+00
2.551020408163266584e+00
2.040816326530613178e+00
2.551020408163266584e+00
4.081632653061226357e+00
6.632653061224491609e+00
1.020408163265306634e+01
1.479591836734693899e+01
2.040816326530612912e+01
2.704081632653061362e+01
2.755102040816326792e+01
2.091836734693877631e+01
1.530612244897959151e+01
1.071428571428571530e+01
7.142857142857144126e+00
4.591836734693877986e+00
3.061224489795919546e+00
2.551020408163266584e+00
3.061224489795919546e+00
4.591836734693879762e+00
7.142857142857145902e+00
1.071428571428571885e+01
1.530612244897959151e+01
2.091836734693878341e+01
2.755102040816326792e+01
2.908163265306122724e+01
2.244897959183673564e+01
1.683673469387755262e+01
1.224489795918367641e+01
8.673469387755103455e+00
6.122448979591839091e+00
4.591836734693879762e+00
4.081632653061226357e+00
4.591836734693879762e+00
6.122448979591839091e+00
8.673469387755105231e+00
1.224489795918367996e+01
1.683673469387755262e+01
2.244897959183674274e+01
2.908163265306122724e+01
3.163265306122449161e+01
2.500000000000000000e+01
1.938775510204081698e+01
1.479591836734694255e+01
1.122448979591836959e+01
8.673469387755103455e+00
7.142857142857145902e+00
6.632653061224491609e+00
7.142857142857145902e+00
8.673469387755105231e+00
1.122448979591837137e+01
1.479591836734694610e+01
1.938775510204081698e+01
2.500000000000000711e+01
3.163265306122449161e+01
3.520408163265306456e+01
2.857142857142857295e+01
2.295918367346939348e+01
1.836734693877551550e+01
1.479591836734694255e+01
1.224489795918367818e+01
1.071428571428571885e+01
1.020408163265306634e+01
1.071428571428571885e+01
1.224489795918367996e+01
1.479591836734694610e+01
1.836734693877551905e+01
2.295918367346939348e+01
2.857142857142858006e+01
3.520408163265306456e+01
3.979591836734693544e+01
3.316326530612244738e+01
2.755102040816326436e+01
2.295918367346938638e+01
1.938775510204081698e+01
1.683673469387754906e+01
1.530612244897959151e+01
1.479591836734693899e+01
1.530612244897959151e+01
1.683673469387755262e+01
1.938775510204081698e+01
2.295918367346939348e+01
2.755102040816326436e+01
3.316326530612245449e+01
3.979591836734693544e+01
4.540816326530612201e+01
3.877551020408163396e+01
3.316326530612245449e+01
2.857142857142858006e+01
2.500000000000000711e+01
2.244897959183674274e+01
2.091836734693878341e+01
2.040816326530612912e+01
2.091836734693878341e+01
2.244897959183674274e+01
2.500000000000000711e+01
2.857142857142858006e+01
3.316326530612245449e+01
3.877551020408164106e+01
4.540816326530612201e+01
5.204081632653061007e+01
4.540816326530612201e+01
3.979591836734693544e+01
3.520408163265305745e+01
3.163265306122449161e+01
2.908163265306122369e+01
2.755102040816326792e+01
2.704081632653061362e+01
2.755102040816326792e+01
2.908163265306122724e+01
3.163265306122449161e+01
3.520408163265306456e+01
3.979591836734693544e+01
4.540816326530612201e+01
5.204081632653061007e+01
5.459183673469387799e+01
4.795918367346938993e+01
4.234693877551020336e+01
3.775510204081632537e+01
3.418367346938775597e+01
3.163265306122448806e+01
3.010204081632653228e+01
2.959183673469387799e+01
3.010204081632653228e+01
3.163265306122449161e+01
3.418367346938775597e+01
3.775510204081633248e+01
4.234693877551020336e+01
4.795918367346938993e+01
5.459183673469387799e+01
4.795918367346938993e+01
4.132653061224489477e+01
3.571428571428571530e+01
3.112244897959183731e+01
2.755102040816326436e+01
2.500000000000000000e+01
2.346938775510204067e+01
2.295918367346938638e+01
2.346938775510204067e+01
2.500000000000000000e+01
2.755102040816326436e+01
3.112244897959183731e+01
3.571428571428571530e+01
4.132653061224490187e+01
4.795918367346938993e+01
4.234693877551020336e+01
3.571428571428571530e+01
3.010204081632652873e+01
2.551020408163265074e+01
2.193877551020408134e+01
1.938775510204081698e+01
1.785714285714285765e+01
1.734693877551020336e+01
1.785714285714285765e+01
1.938775510204081698e+01
2.193877551020408134e+01
2.551020408163265785e+01
3.010204081632652873e+01
3.571428571428572241e+01
4.234693877551020336e+01
3.775510204081632537e+01
3.112244897959183731e+01
2.551020408163265074e+01
2.091836734693877631e+01
1.734693877551020336e+01
1.479591836734693899e+01
1.326530612244897966e+01
1.275510204081632892e+01
1.326530612244897966e+01
1.479591836734694255e+01
1.734693877551020691e+01
2.091836734693877986e+01
2.551020408163265074e+01
3.112244897959184442e+01
3.775510204081632537e+01
3.418367346938775597e+01
2.755102040816326436e+01
2.193877551020408134e+01
1.734693877551020336e+01
1.377551020408163396e+01
1.122448979591836782e+01
9.693877551020410266e+00
9.183673469387755972e+00
9.693877551020410266e+00
1.122448979591836959e+01
1.377551020408163396e+01
1.734693877551020691e+01
2.193877551020408134e+01
2.755102040816327147e+01
3.418367346938775597e+01
3.163265306122448806e+01
2.500000000000000000e+01
1.938775510204081698e+01
1.479591836734693899e+01
1.122448979591836782e+01
8.673469387755101678e+00
7.142857142857144126e+00
6.632653061224490720e+00
7.142857142857144126e+00
8.673469387755105231e+00
1.122448979591836959e+01
1.479591836734694255e+01
1.938775510204081698e+01
2.500000000000000711e+01
3.163265306122448806e+01
3.010204081632653228e+01
2.346938775510204067e+01
1.785714285714285765e+01
1.326530612244897966e+01
9.693877551020410266e+00
7.142857142857144126e+00
5.612244897959185685e+00
5.102040816326532280e+00
5.612244897959185685e+00
7.142857142857145902e+00
9.693877551020410266e+00
1.326530612244898322e+01
1.785714285714285765e+01
2.346938775510204778e+01
3.010204081632653228e+01
2.959183673469387799e+01
2.295918367346938638e+01
1.734693877551020336e+01
1.275510204081632892e+01
9.183673469387755972e+00
6.632653061224490720e+00
5.102040816326532280e+00
4.591836734693878874e+00
5.102040816326532280e+00
6.632653061224491609e+00
9.183673469387757748e+00
1.275510204081633248e+01
1.734693877551020336e+01
2.295918367346939348e+01
2.959183673469387799e+01
3.010204081632653228e+01
2.346938775510204067e+01
1.785714285714285765e+01
1.326530612244897966e+01
9.693877551020410266e+00
7.142857142857144126e+00
5.612244897959185685e+00
5.102040816326532280e+00
5.612244897959185685e+00
7.142857142857145902e+00
9.693877551020410266e+00
1.326530612244898322e+01
1.785714285714285765e+01
2.346938775510204778e+01
3.010204081632653228e+01
3.163265306122449161e+01
2.500000000000000000e+01
1.938775510204081698e+01
1.479591836734694255e+01
1.122448979591836959e+01
8.673469387755105231e+00
7.142857142857145902e+00
6.632653061224491609e+00
7.142857142857145902e+00
8.673469387755105231e+00
1.122448979591836959e+01
1.479591836734694610e+01
1.938775510204081698e+01
2.500000000000000711e+01
3.163265306122449161e+01
3.418367346938775597e+01
2.755102040816326436e+01
2.193877551020408134e+01
1.734693877551020691e+01
1.377551020408163396e+01
1.122448979591836959e+01
9.693877551020410266e+00
9.183673469387757748e+00
9.693877551020410266e+00
1.122448979591836959e+01
1.377551020408163751e+01
1.734693877551021046e+01
2.193877551020408134e+01
2.755102040816327147e+01
3.418367346938775597e+01
3.775510204081633248e+01
3.112244897959183731e+01
2.551020408163265785e+01
2.091836734693877986e+01
1.734693877551020691e+01
1.479591836734694255e+01
1.326530612244898322e+01
1.275510204081633248e+01
1.326530612244898322e+01
1.479591836734694610e+01
1.734693877551021046e+01
2.091836734693878341e+01
2.551020408163265785e+01
3.112244897959184442e+01
3.775510204081633248e+01
4.234693877551020336e+01
3.571428571428571530e+01
3.010204081632652873e+01
2.551020408163265074e+01
2.193877551020408134e+01
1.938775510204081698e+01
1.785714285714285765e+01
1.734693877551020336e+01
1.785714285714285765e+01
1.938775510204081698e+01
2.193877551020408134e+01
2.551020408163265785e+01
3.010204081632652873e+01
3.571428571428572241e+01
4.234693877551020336e+01
4.795918367346938993e+01
4.132653061224490187e+01
3.571428571428572241e+01
3.112244897959184442e+01
2.755102040816327147e+01
2.500000000000000711e+01
2.346938775510204778e+01
2.295918367346939348e+01
2.346938775510204778e+01
2.500000000000000711e+01
2.755102040816327147e+01
3.112244897959184442e+01
3.571428571428572241e+01
4.132653061224490898e+01
4.795918367346938993e+01
5.459183673469387799e+01
4.795918367346938993e+01
4.234693877551020336e+01
3.775510204081632537e+01
3.418367346938775597e+01
3.163265306122448806e+01
3.010204081632653228e+01
2.959183673469387799e+01
3.010204081632653228e+01
3.163265306122449161e+01
3.418367346938775597e+01
3.775510204081633248e+01
4.234693877551020336e+01
4.795918367346938993e+01
5.459183673469387799e+01
5.816326530612245449e+01
5.153061224489796643e+01
4.591836734693877986e+01
4.132653061224490187e+01
3.775510204081633248e+01
3.520408163265306456e+01
3.367346938775510523e+01
3.316326530612245449e+01
3.367346938775510523e+01
3.520408163265306456e+01
3.775510204081633248e+01
4.132653061224490898e+01
4.591836734693877986e+01
5.153061224489796643e+01
5.816326530612245449e+01
5.153061224489796643e+01
4.489795918367347127e+01
3.928571428571428470e+01
3.469387755102041382e+01
3.112244897959183731e+01
2.857142857142857650e+01
2.704081632653061718e+01
2.653061224489795933e+01
2.704081632653061718e+01
2.857142857142857650e+01
3.112244897959183731e+01
3.469387755102041382e+01
3.928571428571428470e+01
4.489795918367347838e+01
5.153061224489796643e+01
4.591836734693877986e+01
3.928571428571428470e+01
3.367346938775510523e+01
2.908163265306122724e+01
2.551020408163265785e+01
2.295918367346938993e+01
2.142857142857143060e+01
2.091836734693877986e+01
2.142857142857143060e+01
2.295918367346938993e+01
2.551020408163265785e+01
2.908163265306123435e+01
3.367346938775510523e+01
3.928571428571429180e+01
4.591836734693877986e+01
4.132653061224490187e+01
3.469387755102041382e+01
2.908163265306122724e+01
2.448979591836734926e+01
2.091836734693877986e+01
1.836734693877551194e+01
1.683673469387755262e+01
1.632653061224490187e+01
1.683673469387755262e+01
1.836734693877551550e+01
2.091836734693877986e+01
2.448979591836735636e+01
2.908163265306122724e+01
3.469387755102042092e+01
4.132653061224490187e+01
3.775510204081633248e+01
3.112244897959183731e+01
2.551020408163265785e+01
2.091836734693877986e+01
1.734693877551020691e+01
1.479591836734694255e+01
1.326530612244898322e+01
1.275510204081632892e+01
1.326530612244898322e+01
1.479591836734694255e+01
1.734693877551021046e+01
2.091836734693877986e+01
2.551020408163265785e+01
3.112244897959184442e+01
3.775510204081633248e+01
3.520408163265306456e+01
2.857142857142857650e+01
2.295918367346938993e+01
1.836734693877551194e+01
1.479591836734694255e+01
1.224489795918367641e+01
1.071428571428571885e+01
1.020408163265306456e+01
1.071428571428571885e+01
1.224489795918367818e+01
1.479591836734694255e+01
1.836734693877551905e+01
2.295918367346938993e+01
2.857142857142858361e+01
3.520408163265306456e+01
3.367346938775510523e+01
2.704081632653061718e+01
2.142857142857143060e+01
1.683673469387755262e+01
1.326530612244898322e+01
1.071428571428571885e+01
9.183673469387759525e+00
8.673469387755105231e+00
9.183673469387759525e+00
1.071428571428571885e+01
1.326530612244898499e+01
1.683673469387755972e+01
2.142857142857143060e+01
2.704081632653062428e+01
3.367346938775510523e+01
3.316326530612245449e+01
2.653061224489795933e+01
2.091836734693877986e+01
1.632653061224490187e+01
1.275510204081632892e+01
1.020408163265306456e+01
8.673469387755105231e+00
8.163265306122452714e+00
8.673469387755105231e+00
1.020408163265306634e+01
1.275510204081633248e+01
1.632653061224490543e+01
2.091836734693877986e+01
2.653061224489796643e+01
3.316326530612245449e+01
3.367346938775510523e+01
2.704081632653061718e+01
2.142857142857143060e+01
1.683673469387755262e+01
1.326530612244898322e+01
1.071428571428571885e+01
9.183673469387759525e+00
8.673469387755105231e+00
9.183673469387759525e+00
1.071428571428571885e+01
1.326530612244898499e+01
1.683673469387755972e+01
2.142857142857143060e+01
2.704081632653062428e+01
3.367346938775510523e+01
3.520408163265306456e+01
2.857142857142857650e+01
2.295918367346938993e+01
1.836734693877551550e+01
1.479591836734694255e+01
1.224489795918367818e+01
1.071428571428571885e+01
1.020408163265306634e+01
1.071428571428571885e+01
1.224489795918367818e+01
1.479591836734694432e+01
1.836734693877551905e+01
2.295918367346938993e+01
2.857142857142858361e+01
3.520408163265306456e+01
3.775510204081633248e+01
3.112244897959183731e+01
2.551020408163265785e+01
2.091836734693877986e+01
1.734693877551021046e+01
1.479591836734694255e+01
1.326530612244898499e+01
1.275510204081633248e+01
1.326530612244898499e+01
1.479591836734694432e+01
1.734693877551021046e+01
2.091836734693878697e+01
2.551020408163265785e+01
3.112244897959184442e+01
3.775510204081633248e+01
4.132653061224490898e+01
3.469387755102041382e+01
2.908163265306123435e+01
2.448979591836735636e+01
2.091836734693877986e+01
1.836734693877551905e+01
1.683673469387755972e+01
1.632653061224490543e+01
1.683673469387755972e+01
1.836734693877551905e+01
2.091836734693878697e+01
2.448979591836735636e+01
2.908163265306123435e+01
3.469387755102042092e+01
4.132653061224490898e+01
4.591836734693877986e+01
3.928571428571428470e+01
3.367346938775510523e+01
2.908163265306122724e+01
2.551020408163265785e+01
2.295918367346938993e+01
2.142857142857143060e+01
2.091836734693877986e+01
2.142857142857143060e+01
2.295918367346938993e+01
2.551020408163265785e+01
2.908163265306123435e+01
3.367346938775510523e+01
3.928571428571429180e+01
4.591836734693877986e+01
5.153061224489796643e+01
4.489795918367347838e+01
3.928571428571429180e+01
3.469387755102042092e+01
3.112244897959184442e+01
2.857142857142858361e+01
2.704081632653062428e+01
2.653061224489796643e+01
2.704081632653062428e+01
2.857142857142858361e+01
3.112244897959184442e+01
3.469387755102042092e+01
3.928571428571429180e+01
4.489795918367348548e+01
5.153061224489796643e+01
5.816326530612245449e+01
5.153061224489796643e+01
4.591836734693877986e+01
4.132653061224490187e+01
3.775510204081633248e+01
3.520408163265306456e+01
3.367346938775510523e+01
3.316326530612245449e+01
3.367346938775510523e+01
3.520408163265306456e+01
3.775510204081633248e+01
4.132653061224490898e+01
4.591836734693877986e+01
5.153061224489796643e+01
5.816326530612245449e+01
6.275510204081632537e+01
5.612244897959183731e+01
5.051020408163265074e+01
4.591836734693877276e+01
4.234693877551020336e+01
3.979591836734693544e+01
3.826530612244897611e+01
3.775510204081632537e+01
3.826530612244897611e+01
3.979591836734694255e+01
4.234693877551020336e+01
4.591836734693877986e+01
5.051020408163265074e+01
5.612244897959183731e+01
6.275510204081632537e+01
5.612244897959183731e+01
4.948979591836734215e+01
4.387755102040816269e+01
3.928571428571428470e+01
3.571428571428570820e+01
3.316326530612244738e+01
3.163265306122448806e+01
3.112244897959183376e+01
3.163265306122448806e+01
3.316326530612244738e+01
3.571428571428570820e+01
3.928571428571428470e+01
4.387755102040816269e+01
4.948979591836734926e+01
5.612244897959183731e+01
5.051020408163265074e+01
4.387755102040816269e+01
3.826530612244897611e+01
3.367346938775509813e+01
3.010204081632652873e+01
2.755102040816326081e+01
2.602040816326530148e+01
2.551020408163265074e+01
2.602040816326530148e+01
2.755102040816326436e+01
3.010204081632652873e+01
3.367346938775510523e+01
3.826530612244897611e+01
4.387755102040816269e+01
5.051020408163265074e+01
4.591836734693877276e+01
3.928571428571428470e+01
3.367346938775509813e+01
2.908163265306122369e+01
2.551020408163265074e+01
2.295918367346938638e+01
2.142857142857142705e+01
2.091836734693877276e+01
2.142857142857142705e+01
2.295918367346938993e+01
2.551020408163265429e+01
2.908163265306122724e+01
3.367346938775509813e+01
3.928571428571429180e+01
4.591836734693877276e+01
4.234693877551020336e+01
3.571428571428570820e+01
3.010204081632652873e+01
2.551020408163265074e+01
2.193877551020408134e+01
1.938775510204081343e+01
1.785714285714285410e+01
1.734693877551020336e+01
1.785714285714285410e+01
1.938775510204081343e+01
2.193877551020408134e+01
2.551020408163265429e+01
3.010204081632652873e+01
3.571428571428572241e+01
4.234693877551020336e+01
3.979591836734693544e+01
3.316326530612244738e+01
2.755102040816326081e+01
2.295918367346938638e+01
1.938775510204081343e+01
1.683673469387754906e+01
1.530612244897958973e+01
1.479591836734693722e+01
1.530612244897958973e+01
1.683673469387755262e+01
1.938775510204081698e+01
2.295918367346938993e+01
2.755102040816326081e+01
3.316326530612245449e+01
3.979591836734693544e+01
3.826530612244897611e+01
3.163265306122448806e+01
2.602040816326530148e+01
2.142857142857142705e+01
1.785714285714285410e+01
1.530612244897958973e+01
1.377551020408163218e+01
1.326530612244897789e+01
1.377551020408163218e+01
1.530612244897959151e+01
1.785714285714285765e+01
2.142857142857143060e+01
2.602040816326530148e+01
3.163265306122449516e+01
3.826530612244897611e+01
3.775510204081632537e+01
3.112244897959183376e+01
2.551020408163265074e+01
2.091836734693877276e+01
1.734693877551020336e+01
1.479591836734693722e+01
1.326530612244897789e+01
1.275510204081632537e+01
1.326530612244897789e+01
1.479591836734693899e+01
1.734693877551020336e+01
2.091836734693877986e+01
2.551020408163265074e+01
3.112244897959184087e+01
3.775510204081632537e+01
3.826530612244897611e+01
3.163265306122448806e+01
2.602040816326530148e+01
2.142857142857142705e+01
1.785714285714285410e+01
1.530612244897958973e+01
1.377551020408163218e+01
1.326530612244897789e+01
1.377551020408163218e+01
1.530612244897959151e+01
1.785714285714285765e+01
2.142857142857143060e+01
2.602040816326530148e+01
3.163265306122449516e+01
3.826530612244897611e+01
3.979591836734694255e+01
3.316326530612244738e+01
2.755102040816326436e+01
2.295918367346938993e+01
1.938775510204081343e+01
1.683673469387755262e+01
1.530612244897959151e+01
1.479591836734693899e+01
1.530612244897959151e+01
1.683673469387755262e+01
1.938775510204081698e+01
2.295918367346938993e+01
2.755102040816326436e+01
3.316326530612245449e+01
3.979591836734694255e+01
4.234693877551020336e+01
3.571428571428570820e+01
3.010204081632652873e+01
2.551020408163265429e+01
2.193877551020408134e+01
1.938775510204081698e+01
1.785714285714285765e+01
1.734693877551020336e+01
1.785714285714285765e+01
1.938775510204081698e+01
2.193877551020408134e+01
2.551020408163265785e+01
3.010204081632652873e+01
3.571428571428572241e+01
4.234693877551020336e+01
4.591836734693877986e+01
3.928571428571428470e+01
3.367346938775510523e+01
2.908163265306122724e+01
2.551020408163265429e+01
2.295918367346938993e+01
2.142857142857143060e+01
2.091836734693877986e+01
2.142857142857143060e+01
2.295918367346938993e+01
2.551020408163265785e+01
2.908163265306123080e+01
3.367346938775510523e+01
3.928571428571429180e+01
4.591836734693877986e+01
5.051020408163265074e+01
4.387755102040816269e+01
3.826530612244897611e+01
3.367346938775509813e+01
3.010204081632652873e+01
2.755102040816326081e+01
2.602040816326530148e+01
2.551020408163265074e+01
2.602040816326530148e+01
2.755102040816326436e+01
3.010204081632652873e+01
3.367346938775510523e+01
3.826530612244897611e+01
4.387755102040816269e+01
5.051020408163265074e+01
5.612244897959183731e+01
4.948979591836734926e+01
4.387755102040816269e+01
3.928571428571429180e+01
3.571428571428572241e+01
3.316326530612245449e+01
3.163265306122449516e+01
3.112244897959184087e+01
3.163265306122449516e+01
3.316326530612245449e+01
3.571428571428572241e+01
3.928571428571429180e+01
4.387755102040816269e+01
4.948979591836735636e+01
5.612244897959183731e+01
6.275510204081632537e+01
5.612244897959183731e+01
5.051020408163265074e+01
4.591836734693877276e+01
4.234693877551020336e+01
3.979591836734693544e+01
3.826530612244897611e+01
3.775510204081632537e+01
3.826530612244897611e+01
3.979591836734694255e+01
4.234693877551020336e+01
4.591836734693877986e+01
5.051020408163265074e+01
5.612244897959183731e+01
6.275510204081632537e+01
6.836734693877551194e+01
6.173469387755102389e+01
5.612244897959183731e+01
5.153061224489796643e+01
4.795918367346939704e+01
4.540816326530612912e+01
4.387755102040816979e+01
4.336734693877551194e+01
4.387755102040816979e+01
4.540816326530612912e+01
4.795918367346939704e+01
5.153061224489796643e+01
5.612244897959183731e+01
6.173469387755102389e+01
6.836734693877551194e+01
6.173469387755102389e+01
5.510204081632653583e+01
4.948979591836734926e+01
4.489795918367347838e+01
4.132653061224490187e+01
3.877551020408164106e+01
3.724489795918367463e+01
3.673469387755102389e+01
3.724489795918367463e+01
3.877551020408164106e+01
4.132653061224490187e+01
4.489795918367347838e+01
4.948979591836734926e+01
5.510204081632653583e+01
6.173469387755102389e+01
5.612244897959183731e+01
4.948979591836734926e+01
4.387755102040816269e+01
3.928571428571429180e+01
3.571428571428572241e+01
3.316326530612245449e+01
3.163265306122449516e+01
3.112244897959184087e+01
3.163265306122449516e+01
3.316326530612245449e+01
3.571428571428572241e+01
3.928571428571429180e+01
4.387755102040816269e+01
4.948979591836735636e+01
5.612244897959183731e+01
5.153061224489796643e+01
4.489795918367347838e+01
3.928571428571429180e+01
3.469387755102041382e+01
3.112244897959184087e+01
2.857142857142857650e+01
2.704081632653061718e+01
2.653061224489796643e+01
2.704081632653061718e+01
2.857142857142857650e+01
3.112244897959184442e+01
3.469387755102042092e+01
3.928571428571429180e+01
4.489795918367347838e+01
5.153061224489796643e+01
4.795918367346939704e+01
4.132653061224490187e+01
3.571428571428572241e+01
3.112244897959184087e+01
2.755102040816326792e+01
2.500000000000000355e+01
2.346938775510204778e+01
2.295918367346939348e+01
2.346938775510204778e+01
2.500000000000000711e+01
2.755102040816327147e+01
3.112244897959184442e+01
3.571428571428572241e+01
4.132653061224490898e+01
4.795918367346939704e+01
4.540816326530612912e+01
3.877551020408164106e+01
3.316326530612245449e+01
2.857142857142857650e+01
2.500000000000000355e+01
2.244897959183673919e+01
2.091836734693877986e+01
2.040816326530612912e+01
2.091836734693877986e+01
2.244897959183673919e+01
2.500000000000000711e+01
2.857142857142858006e+01
3.316326530612245449e+01
3.877551020408164106e+01
4.540816326530612912e+01
4.387755102040816979e+01
3.724489795918367463e+01
3.163265306122449516e+01
2.704081632653061718e+01
2.346938775510204778e+01
2.091836734693877986e+01
1.938775510204082053e+01
1.887755102040816979e+01
1.938775510204082053e+01
2.091836734693878341e+01
2.346938775510204778e+01
2.704081632653062073e+01
3.163265306122449516e+01
3.724489795918368884e+01
4.387755102040816979e+01
4.336734693877551194e+01
3.673469387755102389e+01
3.112244897959184087e+01
2.653061224489796643e+01
2.295918367346939348e+01
2.040816326530612912e+01
1.887755102040816979e+01
1.836734693877551550e+01
1.887755102040816979e+01
2.040816326530612912e+01
2.295918367346939348e+01
2.653061224489796643e+01
3.112244897959184087e+01
3.673469387755103099e+01
4.336734693877551194e+01
4.387755102040816979e+01
3.724489795918367463e+01
3.163265306122449516e+01
2.704081632653061718e+01
2.346938775510204778e+01
2.091836734693877986e+01
1.938775510204082053e+01
1.887755102040816979e+01
1.938775510204082053e+01
2.091836734693878341e+01
2.346938775510204778e+01
2.704081632653062073e+01
3.163265306122449516e+01
3.724489795918368884e+01
4.387755102040816979e+01
4.540816326530612912e+01
3.877551020408164106e+01
3.316326530612245449e+01
2.857142857142857650e+01
2.500000000000000711e+01
2.244897959183673919e+01
2.091836734693878341e+01
2.040816326530612912e+01
2.091836734693878341e+01
2.244897959183674274e+01
2.500000000000000711e+01
2.857142857142858361e+01
3.316326530612245449e+01
3.877551020408164106e+01
4.540816326530612912e+01
4.795918367346939704e+01
4.132653061224490187e+01
3.571428571428572241e+01
3.112244897959184442e+01
2.755102040816327147e+01
2.500000000000000711e+01
2.346938775510204778e+01
2.295918367346939348e+01
2.346938775510204778e+01
2.500000000000000711e+01
2.755102040816327502e+01
3.112244897959184797e+01
3.571428571428572241e+01
4.132653061224490898e+01
4.795918367346939704e+01
5.153061224489796643e+01
4.489795918367347838e+01
3.928571428571429180e+01
3.469387755102042092e+01
3.112244897959184442e+01
2.857142857142858006e+01
2.704081632653062073e+01
2.653061224489796643e+01
2.704081632653062073e+01
2.857142857142858361e+01
3.112244897959184797e+01
3.469387755102042092e+01
3.928571428571429180e+01
4.489795918367347838e+01
5.153061224489796643e+01
5.612244897959183731e+01
4.948979591836734926e+01
4.387755102040816269e+01
3.928571428571429180e+01
3.571428571428572241e+01
3.316326530612245449e+01
3.163265306122449516e+01
3.112244897959184087e+01
3.163265306122449516e+01
3.316326530612245449e+01
3.571428571428572241e+01
3.928571428571429180e+01
4.387755102040816269e+01
4.948979591836735636e+01
5.612244897959183731e+01
6.173469387755102389e+01
5.510204081632653583e+01
4.948979591836735636e+01
4.489795918367347838e+01
4.132653061224490898e+01
3.877551020408164106e+01
3.724489795918368884e+01
3.673469387755103099e+01
3.724489795918368884e+01
3.877551020408164106e+01
4.132653061224490898e+01
4.489795918367347838e+01
4.948979591836735636e+01
5.510204081632655004e+01
6.173469387755102389e+01
6.836734693877551194e+01
6.173469387755102389e+01
5.612244897959183731e+01
5.153061224489796643e+01
4.795918367346939704e+01
4.540816326530612912e+01
4.387755102040816979e+01
4.336734693877551194e+01
4.387755102040816979e+01
4.540816326530612912e+01
4.795918367346939704e+01
5.153061224489796643e+01
5.612244897959183731e+01
6.173469387755102389e+01
6.836734693877551194e+01
7.500000000000000000e+01
6.836734693877551194e+01
6.275510204081632537e+01
5.816326530612244738e+01
5.459183673469387799e+01
5.204081632653061007e+01
5.051020408163265074e+01
5.000000000000000000e+01
5.051020408163265074e+01
5.204081632653061718e+01
5.459183673469387799e+01
5.816326530612245449e+01
6.275510204081632537e+01
6.836734693877551194e+01
7.500000000000000000e+01
6.836734693877551194e+01
6.173469387755101678e+01
5.612244897959183731e+01
5.153061224489795933e+01
4.795918367346938282e+01
4.540816326530612201e+01
4.387755102040816269e+01
4.336734693877551194e+01
4.387755102040816269e+01
4.540816326530612201e+01
4.795918367346938282e+01
5.153061224489795933e+01
5.612244897959183731e+01
6.173469387755102389e+01
6.836734693877551194e+01
6.275510204081632537e+01
5.612244897959183731e+01
5.051020408163265074e+01
4.591836734693877276e+01
4.234693877551020336e+01
3.979591836734693544e+01
3.826530612244897611e+01
3.775510204081632537e+01
3.826530612244897611e+01
3.979591836734694255e+01
4.234693877551020336e+01
4.591836734693877986e+01
5.051020408163265074e+01
5.612244897959183731e+01
6.275510204081632537e+01
5.816326530612244738e+01
5.153061224489795933e+01
4.591836734693877276e+01
4.132653061224489477e+01
3.775510204081632537e+01
3.520408163265305745e+01
3.367346938775510523e+01
3.316326530612244738e+01
3.367346938775510523e+01
3.520408163265306456e+01
3.775510204081632537e+01
4.132653061224490187e+01
4.591836734693877276e+01
5.153061224489796643e+01
5.816326530612244738e+01
5.459183673469387799e+01
4.795918367346938282e+01
4.234693877551020336e+01
3.775510204081632537e+01
3.418367346938775597e+01
3.163265306122448806e+01
3.010204081632652873e+01
2.959183673469387799e+01
3.010204081632652873e+01
3.163265306122448806e+01
3.418367346938775597e+01
3.775510204081632537e+01
4.234693877551020336e+01
4.795918367346939704e+01
5.459183673469387799e+01
5.204081632653061007e+01
4.540816326530612201e+01
3.979591836734693544e+01
3.520408163265305745e+01
3.163265306122448806e+01
2.908163265306122369e+01
2.755102040816326436e+01
2.704081632653061007e+01
2.755102040816326436e+01
2.908163265306122724e+01
3.163265306122449161e+01
3.520408163265306456e+01
3.979591836734693544e+01
4.540816326530612912e+01
5.204081632653061007e+01
5.051020408163265074e+01
4.387755102040816269e+01
3.826530612244897611e+01
3.367346938775510523e+01
3.010204081632652873e+01
2.755102040816326436e+01
2.602040816326530503e+01
2.551020408163265429e+01
2.602040816326530503e+01
2.755102040816326792e+01
3.010204081632653228e+01
3.367346938775510523e+01
3.826530612244897611e+01
4.387755102040816979e+01
5.051020408163265074e+01
5.000000000000000000e+01
4.336734693877551194e+01
3.775510204081632537e+01
3.316326530612244738e+01
2.959183673469387799e+01
2.704081632653061007e+01
2.551020408163265429e+01
2.500000000000000000e+01
2.551020408163265429e+01
2.704081632653061362e+01
2.959183673469387799e+01
3.316326530612245449e+01
3.775510204081632537e+01
4.336734693877551194e+01
5.000000000000000000e+01
5.051020408163265074e+01
4.387755102040816269e+01
3.826530612244897611e+01
3.367346938775510523e+01
3.010204081632652873e+01
2.755102040816326436e+01
2.602040816326530503e+01
2.551020408163265429e+01
2.602040816326530503e+01
2.755102040816326792e+01
3.010204081632653228e+01
3.367346938775510523e+01
3.826530612244897611e+01
4.387755102040816979e+01
5.051020408163265074e+01
5.204081632653061718e+01
4.540816326530612201e+01
3.979591836734694255e+01
3.520408163265306456e+01
3.163265306122448806e+01
2.908163265306122724e+01
2.755102040816326792e+01
2.704081632653061362e+01
2.755102040816326792e+01
2.908163265306122724e+01
3.163265306122449161e+01
3.520408163265306456e+01
3.979591836734694255e+01
4.540816326530612912e+01
5.204081632653061718e+01
5.459183673469387799e+01
4.795918367346938282e+01
4.234693877551020336e+01
3.775510204081632537e+01
3.418367346938775597e+01
3.163265306122449161e+01
3.010204081632653228e+01
2.959183673469387799e+01
3.010204081632653228e+01
3.163265306122449161e+01
3.418367346938775597e+01
3.775510204081633248e+01
4.234693877551020336e+01
4.795918367346939704e+01
5.459183673469387799e+01
5.816326530612245449e+01
5.153061224489795933e+01
4.591836734693877986e+01
4.132653061224490187e+01
3.775510204081632537e+01
3.520408163265306456e+01
3.367346938775510523e+01
3.316326530612245449e+01
3.367346938775510523e+01
3.520408163265306456e+01
3.775510204081633248e+01
4.132653061224490898e+01
4.591836734693877986e+01
5.153061224489796643e+01
5.816326530612245449e+01
6.275510204081632537e+01
5.612244897959183731e+01
5.051020408163265074e+01
4.591836734693877276e+01
4.234693877551020336e+01
3.979591836734693544e+01
3.826530612244897611e+01
3.775510204081632537e+01
3.826530612244897611e+01
3.979591836734694255e+01
4.234693877551020336e+01
4.591836734693877986e+01
5.051020408163265074e+01
5.612244897959183731e+01
6.275510204081632537e+01
6.836734693877551194e+01
6.173469387755102389e+01
5.612244897959183731e+01
5.153061224489796643e+01
4.795918367346939704e+01
4.540816326530612912e+01
4.387755102040816979e+01
4.336734693877551194e+01
4.387755102040816979e+01
4.540816326530612912e+01
4.795918367346939704e+01
5.153061224489796643e+01
5.612244897959183731e+01
6.173469387755103099e+01
6.836734693877551194e+01
7.500000000000000000e+01
6.836734693877551194e+01
6.275510204081632537e+01
5.816326530612244738e+01
5.459183673469387799e+01
5.204081632653061007e+01
5.051020408163265074e+01
5.000000000000000000e+01
5.051020408163265074e+01
5.204081632653061718e+01
5.459183673469387799e+01
5.816326530612245449e+01
6.275510204081632537e+01
6.836734693877551194e+01
7.500000000000000000e+01
