-3.371288463473320007e+01 -3.776989802718162537e+01 2.950475133955478668e+01
5.537259995937347412e+01 3.893822199665009975e+01 -1.984264381229877472e+01
2.982695668935775757e+01 -1.979611719027161598e+01 1.711867094039916992e+01
-4.176100507378578186e+01 -8.325035776942968369e-01 -2.744483634829521179e+01
-7.509521260857582092e+01 -1.030385995283722878e+01 -1.858440116047859192e+00
1.331708997488021851e+01 1.147227511741220951e+01 3.153227783739566803e+01
6.152142465114593506e+01 -4.726215526461601257e+01 -3.417934641242027283e+01
-9.393283575773239136e+00 2.663344330154359341e+01 3.841450810432434082e+00
-1.443862229585647583e+01 -2.344769892282783985e+01 -3.519116848707199097e+01
7.652922257781028748e+01 2.632310576736927032e+00 5.480691045522689819e+00
8.329739123582839966e+00 -2.867733846418559551e+01 -7.560185119509696960e+00
-6.014539420604705811e+01 2.965889485552906990e+01 3.785659514367580414e+01
-5.674862563610076904e+01 -4.098209570161998272e+01 1.344329401850700378e+01
3.477643445134162903e+01 2.016661616042256355e+01 -2.314688593149185181e+01
4.032699212431907654e+01 -1.114294168539345264e+01 2.114429615437984467e+01
-2.870542794466018677e+01 1.212458927184343338e+01 -1.085477165877819061e+01
-2.324485987424850464e+01 -1.426179664209485054e+01 9.941865354776382446e+00
4.521799013018608093e+01 1.594632246531546116e+01 -3.961571991443634033e+01
3.966990485787391663e+01 -4.348549164831638336e+01 3.734096102416515350e+01
-5.129053950309753418e+01 2.196713387034833431e+01 -7.003048881888389587e+00
-6.556438326835632324e+01 -3.047774888575077057e+01 -2.133822321891784668e+01
3.475284725427627563e+00 3.216235517524182796e+01 1.167613700032234192e+01
7.167717859148979187e+01 -2.726953940466046333e+01 -1.403024159371852875e+01
-1.986001223325729370e+01 5.751101160421967506e+00 2.435638539493083954e+01
-4.911759942770004272e+00 -4.546165901236236095e+01 -1.535972811281681061e+01
6.668833255767822266e+01 2.413006881251931190e+01 2.506333656609058380e+01
1.848152548074722290e+01 -6.482105301693081856e+00 -2.798266962170600891e+01
-7.061120703816413879e+01 8.353398703038692474e+00 1.769312828779220581e+01
-4.628395751118659973e+01 -1.667734806425869465e+01 3.335764653980731964e+01
2.462335020303726196e+01 -4.654322601854801178e+00 -3.647190704941749573e+00
5.016658306121826172e+01 -3.526641624979674816e+01 6.485119462013244629e-01
-3.823343619704246521e+01 3.713779011741280556e+01 -3.094490066170692444e+01
-3.717124134302139282e+01 -2.129473098553717136e+01 -9.128947183489799500e+00
5.379157051444053650e+01 4.793426394462585449e-01 3.879301153123378754e+01
2.074344709515571594e+01 -3.645530371926724911e+01 -3.675259441137313843e+01
-4.771688282489776611e+01 3.743686011061072350e+01 6.424462646245956421e+00
-7.417820751667022705e+01 -4.876008241437375546e+01 2.208776019513607025e+01
1.736134603619575500e+01 2.794460287317633629e+01 -1.241589479148387909e+01
6.806327804923057556e+01 -8.989952290430665016e+00 1.437940761446952820e+01
-9.738746285438537598e-01 9.971599876880645752e+00 -2.471534043550491333e+01
-1.598530098795890808e+01 -2.999122466892004013e+01 1.617278456687927246e+01
7.311467707157135010e+01 3.115954863838851452e+01 -2.588613554835319519e+01
2.407908141613006592e+00 -2.194979323074221611e+01 2.857106007635593414e+01
-6.918478623032569885e+01 1.321172462776303291e+00 -1.827176697552204132e+01
-5.267005577683448792e+01 -1.245751453563570976e+01 -3.260816201567649841e+01
3.573721379041671753e+01 1.362592970021069050e+01 2.907456755638122559e+00
4.878040850162506104e+01 -3.948350336402654648e+01 -2.994365245103836060e-01
-2.211949631571769714e+01 1.885479140095412731e+01 3.058608390390872955e+01
-2.732547029852867126e+01 -4.198962426744401455e+01 -2.892122462391853333e+01
4.425982356071472168e+01 2.065803406760096550e+01 1.924937576055526733e+01
3.121414214372634888e+01 -1.557913736440241337e+01 -1.629098512232303619e+01
-5.787355259060859680e+01 1.745043076574802399e+01 2.662690110504627228e+01
-6.402024105191230774e+01 -2.577435866929590702e+01 2.212379276752471924e+00
6.891794502735137939e+00 4.442688003182411194e+00 -3.187646523118019104e+01
7.759616732597351074e+01 -3.179440296255052090e+01 3.491420157253742218e+01
-1.081835016608238220e+01 3.366577683016657829e+01 -4.586048498749732971e+00
-5.825808942317962646e+00 -5.165472682565450668e+00 3.577463321387767792e+01
6.264176890254020691e+01 6.849998505786061287e+00 -6.073944792151451111e+00
1.194232359528541565e+01 -4.695681829005479813e+01 8.387770801782608032e+00
-7.903261899948120117e+01 2.543846051208674908e+01 -3.867440164089202881e+01
-4.282336950302124023e+01 -3.394909698516130447e+01 -1.308922611176967621e+01
2.620149984955787659e+01 3.563370327465236187e+01 2.280259840190410614e+01
5.925201937556266785e+01 -1.817319398745894432e+01 -2.040942668914794922e+01
-3.228013366460800171e+01 -3.345244256779551506e+00 1.011011198163032532e+01
-3.004669830203056335e+01 -8.136448236182332039e+00 -2.297933556139469147e+01
5.842637479305267334e+01 9.468295760452747345e+00 1.269283838570117950e+01
2.647204965353012085e+01 -4.992807279340922832e+01 -1.035826042294502258e+01
-4.449861779808998108e+01 2.805652173236012459e+01 2.005881518125534058e+01
-7.860614076256752014e+01 -3.692015836946666241e+01 5.645208433270454407e+00
1.042299836874008179e+01 3.825191469863057137e+01 -3.594465650618076324e+01
6.471863210201263428e+01 -2.114436266012489796e+01 3.835613876581192017e+01
-6.808029860258102417e+00 -7.270972058176994324e-01 -8.642633110284805298e+00
-1.186008244752883911e+01 -3.932763919234275818e+01 3.234189882874488831e+01
7.973070248961448669e+01 1.764285570941865444e+01 -2.005811333656311035e+00
5.430154353380203247e+00 -1.291687333956360817e+01 4.945891425013542175e+00
-6.365327060222625732e+01 1.443548844195902348e+01 -3.461791180074214935e+01
-5.949173152446746826e+01 -2.311228776350617409e+01 -1.903121113777160645e+01
3.142457917332649231e+01 1.427595475688576698e+00 2.935919240117073059e+01
4.337405309081077576e+01 -2.913222476840019226e+01 -2.634220801293849945e+01
-2.503496915102005005e+01 3.065074867568910122e+01 1.667829386889934540e+01
-2.051502913236618042e+01 -3.295690017752349377e+01 -2.561652362346649170e+00
4.858067914843559265e+01 3.377220252528786659e+01 3.286111697554588318e+01
3.662879481911659241e+01 -2.491536145098507404e+01 -3.019450299441814423e+01
-5.496939063072204590e+01 3.933890722692012787e+00 4.809805005788803101e-01
-6.813666701316833496e+01 -1.542327587492763996e+01 2.614580437541007996e+01
2.651073038578033447e-01 1.623849775642156601e+01 -1.585932880640029907e+01
7.456318303942680359e+01 -4.244898575358092785e+01 1.844659708440303802e+01
-1.634099692106246948e+01 2.146759549155831337e+01 -2.814713053405284882e+01
-1.387251466512680054e+00 -1.863804595544934273e+01 1.211464561522006989e+01
6.957128524780273438e+01 -2.530192350968718529e+00 -2.244264371693134308e+01
1.527806192636489868e+01 -3.379872597754001617e+01 2.450381278991699219e+01
-7.318776324391365051e+01 3.442726074717938900e+01 -1.483988210558891296e+01
-4.995609477162361145e+01 -4.610331155359745026e+01 -3.917536087334156036e+01
2.157796770334243774e+01 2.493515371344983578e+01 8.839294686913490295e+00
5.353476524353027344e+01 -6.333460379391908646e+00 -6.857471317052841187e+00
-3.550665721297264099e+01 6.961914682760834694e+00 3.652947008609771729e+01
-3.912776619195938110e+01 -4.842465247958898544e+01 3.384475037455558777e+00
5.246805652976036072e+01 2.673986899666488171e+01 -3.367414973676204681e+01
2.301613405346870422e+01 -9.444862734526395798e+00 3.077312722802162170e+01
-4.608208954334259033e+01 1.096347783692181110e+01 -1.069385409355163574e+00
-7.206184685230255127e+01 -1.964025570079684258e+01 -2.540608488023281097e+01
1.883996561169624329e+01 -2.044436587020754814e+00 1.510982982814311981e+01
6.563807949423789978e+01 -3.822925951331853867e+01 -1.808775663375854492e+01
-2.766214907169342041e+00 3.974778342060744762e+01 2.779807880520820618e+01
-1.777458950877189636e+01 -1.160779365338385105e+01 -1.129196122288703918e+01
7.068398535251617432e+01 1.293964117765426636e+01 2.162970155477523804e+01
3.890800178050994873e+00 -4.083172469399869442e+01 -2.392521239817142487e+01
-6.707513943314552307e+01 1.896017363294959068e+01 1.425152964890003204e+01
-5.103099003434181213e+01 -2.782383172772824764e+01 3.991513282060623169e+01
3.800318688154220581e+01 2.915558805689215660e+01 -9.588817507028579712e+00
4.745994627475738525e+01 -2.461568661965429783e+01 7.216402366757392883e+00
-2.408151432871818542e+01 2.744226753711700439e+00 -3.687866009771823883e+01
-2.897323355078697205e+01 -2.641603535041213036e+01 2.357256531715393066e+01
4.200010657310485840e+01 5.247797043994069099e+00 -1.327632710337638855e+01
3.254574328660964966e+01 -3.164573926478624344e+01 1.117608107626438141e+01
-5.592511489987373352e+01 3.227427403442561626e+01 -2.088638670742511749e+01
-6.222011879086494446e+01 -4.395034629851579666e+01 -5.300906747579574585e+00
9.309211075305938721e+00 2.278218845836818218e+01 3.559060275554656982e+01
7.610488295555114746e+01 -1.411142831668257713e+01 -3.761150307953357697e+01
-1.292204603552818298e+01 1.473988262005150318e+01 7.907739654183387756e+00
-7.933777272701263428e+00 -3.511055207811295986e+01 -3.174860708415508270e+01
6.115719839930534363e+01 3.592585442587733269e+01 1.422308310866355896e+00
1.435668841004371643e+01 -1.713670686818659306e+01 -4.127970635890960693e+00
-7.722700357437133789e+01 -3.844763860106468201e+00 3.379021152853965759e+01
-4.087798357009887695e+01 -7.644599834457039833e+00 1.937538407742977142e+01
2.753859415650367737e+01 8.459821715950965881e+00 -2.971314601600170135e+01
5.698802992701530457e+01 -4.460265911184251308e+01 2.708682939410209656e+01
-3.392118304967880249e+01 2.362126884981989861e+01 -1.741312533617019653e+01
-3.466017544269561768e+01 -2.244330158457159996e+01 1.827344000339508057e+01
5.631987646222114563e+01 7.366366405040025711e-01 -2.857029423117637634e+01
2.827421173453330994e+01 -2.986983124166727066e+01 2.588415838778018951e+01
-4.020824581384658813e+01 3.136638249270617962e+01 -1.617324657738208771e+01
-7.664792209863662720e+01 -4.006524566560983658e+01 -3.058807298541069031e+01
1.486981377005577087e+01 1.835848952643573284e+01 2.989816665649414062e-01
6.057416990399360657e+01 -1.224788716062903404e+01 -2.905771806836128235e+00
-8.446043133735656738e+00 1.374452960677444935e+01 3.260892070829868317e+01
-1.351087227463722229e+01 -3.622679761610925198e+01 -6.424913927912712097e+00
7.560146778821945190e+01 3.758052660152316093e+01 3.675060652196407318e+01
9.902024865150451660e+00 -2.185690791346132755e+01 -3.879225403070449829e+01
-6.171767517924308777e+01 7.420703768730163574e-03 9.130628556013107300e+00
-5.517637535929679871e+01 -8.848993489518761635e+00 2.471610985696315765e+01
3.320418894290924072e+01 1.020281367003917694e+01 -1.437773339450359344e+01
4.125470608472824097e+01 -4.923471204005181789e+01 1.241543158888816833e+01
-2.963314667344093323e+01 2.738513363525271416e+01 -2.208974093198776245e+01
-2.481715038418769836e+01 -4.681894671171903610e+01 3.867637984454631805e+01
4.679026633501052856e+01 2.567276152782142162e+01 -8.387310132384300232e+00
3.874215960502624512e+01 -5.642502885311841965e+00 6.072272807359695435e+00
-5.036277994513511658e+01 6.292929844930768013e+00 -3.577540040016174316e+01
-6.649209246039390564e+01 -1.794708846136927605e+01 -1.011179588735103607e+01
4.403008222579956055e+00 -3.199177188798785210e+00 2.040866665542125702e+01
7.010492354631423950e+01 -3.451436113566160202e+01 -2.280060827732086182e+01
-1.828777149319648743e+01 3.516486856155097485e+01 1.308967962861061096e+01
-3.359010219573974609e+00 -1.615779244340956211e+01 -2.662765756249427795e+01
6.513557806611061096e+01 1.695104166865348816e+01 1.628930240869522095e+01
1.942881152033805847e+01 -4.177759631536900997e+01 -1.924892343580722809e+01
-7.155848830938339233e+01 2.077423339709639549e+01 2.892321117222309113e+01
-4.533670753240585327e+01 -3.228551073931157589e+01 4.586512744426727295e+00
2.367610499262809753e+01 3.307884043082594872e+01 -3.491222217679023743e+01
5.171929731965065002e+01 -2.564987801946699619e+01 3.187569685280323029e+01
-3.978615522384643555e+01 4.646434634923934937e+00 -2.214054837822914124e+00
-3.624349370598793030e+01 -2.853672030381858349e+01 -3.785857230424880981e+01
5.286380857229232788e+01 2.989044928923249245e+01 7.559723109006881714e+00
2.231573998928070068e+01 -2.392198254354298115e+01 -5.479018017649650574e+00
-4.928916141390800476e+01 2.072495333850383759e+00 3.519193433225154877e+01
-7.260595485568046570e+01 -1.091408957727253437e+01 1.085645660758018494e+01
1.578910768032073975e+01 1.226790975779294968e+01 -2.114353746175765991e+01
6.899098485708236694e+01 -4.154461327008903027e+01 2.314489684998989105e+01
-1.901595741510391235e+00 1.969503486528992653e+01 -1.344374887645244598e+01
-1.693258941173553467e+01 -2.037751885131001472e+01 2.744559384882450104e+01
7.406196072697639465e+01 -1.329146092757582664e+00 -1.711698956787586212e+01
8.551560342311859131e-01 -3.756061665713787079e+01 1.984219253063201904e+01
-6.763202935457229614e+01 3.905716790817677975e+01 -2.950673922896385193e+01
-5.422276765108108521e+01 -4.775600962340831757e+01 -3.841914013028144836e+00
3.728993043303489685e+01 2.604925348423421383e+01 3.417736567556858063e+01
4.783316090703010559e+01 -1.018212588503956795e+01 -3.153150841593742371e+01
-2.117225348949432373e+01 1.167876833118498325e+01 1.860114336013793945e+00
-2.577272295951843262e+01 -6.972867073491215706e+00 -1.769480027258396149e+01
4.270706191658973694e+01 7.766116298735141754e+00 2.798190243542194366e+01
3.216143533587455750e+01 -4.533751900307834148e+01 -2.506135836243629456e+01
-5.882083147764205933e+01 2.433415608480572701e+01 1.536018878221511841e+01
-6.307298868894577026e+01 -3.584541196934878826e+01 3.094689078629016876e+01
5.944556444883346558e+00 3.663874166086316109e+01 -6.480584293603897095e-01
7.914887443184852600e+01 -1.646497410722076893e+01 3.645506799221038818e+00
-1.237107157707214355e+01 -4.538469277322292328e+00 -3.335840657353401184e+01
-7.398097068071365356e+00 -4.325973212718963623e+01 7.003501206636428833e+00
6.421405225992202759e+01 2.211354694329202175e+01 -3.733897447586059570e+01
1.101457118988037109e+01 -1.482672015205025673e+01 3.961496345698833466e+01
-7.810486182570457458e+01 1.547714711166918278e+01 -9.943548068404197693e+00
-4.375108107924461365e+01 -2.713132718577980995e+01 -2.435715377330780029e+01
2.712921619415283203e+01 5.985061535611748695e+00 1.402856603264808655e+01
5.767977148294448853e+01 -3.095512509346008301e+01 -1.167567275464534760e+01
-3.070789054036140442e+01 3.160563251934945583e+01 2.134020261466503143e+01
-3.161897957324981689e+01 -4.024478963576257229e+01 -1.425229564309120178e+01
5.999866083264350891e+01 1.945128275081515312e+01 2.392353922128677368e+01
2.554429516196250916e+01 -1.181154162622988224e+01 -2.162923969328403473e+01
-4.357086807489395142e+01 1.281516186892986298e+01 1.129393823444843292e+01
-7.953385978937149048e+01 -2.411629886366426945e+01 3.687911480665206909e+01
1.135071262717247009e+01 3.322883173823356628e+00 -7.214413434267044067e+00
6.314638689160346985e+01 -2.794003239832818508e+01 9.588058665394783020e+00
-5.235779881477355957e+00 2.894356144592165947e+01 -3.991681791841983795e+01
-1.030732288956642151e+01 -9.590928461402654648e+00 1.071373149752616882e+00
7.817795723676681519e+01 1.073737096972763538e+01 -3.077267609536647797e+01
6.377430558204650879e+00 -4.795581642538309097e+01 3.367246821522712708e+01
-6.460056111216545105e+01 2.730513180606067181e+01 -3.385232686996459961e+00
-5.854449078440666199e+01 -3.846355918794870377e+01 -2.779975317418575287e+01
3.047732412815093994e+01 3.960991050116717815e+01 1.808698706328868866e+01
4.492677658796310425e+01 -1.908318569883704185e+01 -1.510784924030303955e+01
-2.658767834305763245e+01 -1.567407725378870964e+00 2.540654793381690979e+01
-2.146231010556221008e+01 -1.736791932024061680e+01 -3.379067234694957733e+01
4.952796489000320435e+01 -3.985724002122879028e+00 4.125992283225059509e+00
3.507604002952575684e+01 -3.455108149908483028e+01 -1.421541273593902588e+00
-5.341664060950279236e+01 3.640048271045088768e+01 3.175027891993522644e+01
-6.968938574194908142e+01 -4.474632426165044308e+01 1.741388522088527679e+01
1.817821264266967773e+00 2.339276140555739403e+01 -2.708514563739299774e+01
7.361593753099441528e+01 -7.172676557675004005e+00 2.971269235014915466e+01
-1.539374664425849915e+01 9.021997302770614624e+00 -1.937737435102462769e+01
-4.594922065734863281e-01 -3.114943873137235641e+01 2.088806927204132080e+01
6.864354029297828674e+01 3.285601767711341381e+01 -1.117532476782798767e+01
1.685033842921257019e+01 -2.653463659808039665e+01 1.327434040606021881e+01
-7.476005405187606812e+01 5.038171010091900826e+00 -2.357301779091358185e+01
-4.838385432958602905e+01 -1.352689383551478386e+01 -7.909719198942184448e+00
2.000571295619010925e+01 1.523339231498539448e+01 3.761103868484497070e+01
5.446248903870582581e+01 -4.415718149393796921e+01 -3.558892734348773956e+01
-3.643436670303344727e+01 2.266079637221992016e+01 5.301674976944923401e+00
-3.757500901818275452e+01 -1.315083237364888191e+01 3.461837366223335266e+01
5.091530412435531616e+01 1.429727488197386265e+01 -4.943914413452148438e+00
2.396341741085052490e+01 -3.877091519534587860e+01 2.005045339465141296e+00
-4.702937766909599304e+01 1.812023057602345943e+01 -3.234357200562953949e+01
-7.111460372805595398e+01 -2.927863650023937225e+01 -1.667905271053314209e+01
1.789271771907806396e+01 3.042498781345784664e+01 2.634052291512489319e+01
6.719079583883285522e+01 -2.264311106875538826e+01 -2.935873769223690033e+01
-4.318926483392715454e+00 1.992517644539475441e+00 1.903320007026195526e+01
-1.934686839580535889e+01 -4.942902567796409130e+01 -2.006049670279026031e+01
7.225627854466438293e+01 2.863551879301667213e+01 1.035750277340412140e+01
2.963038533926010132e+00 -8.252302901819348335e+00 -1.269085064530372620e+01
-6.614739209413528442e+01 9.255923144519329071e+00 2.297978669404983521e+01
-5.195871144533157349e+01 -2.055708159692585468e+01 8.644613698124885559e+00
3.893089398741722107e+01 -2.363340929150581360e-01 -3.835567571222782135e+01
4.588770821690559387e+01 -3.712424698285758495e+01 3.594298213720321655e+01
-2.250926196575164795e+01 3.812777603045105934e+01 -5.645978003740310669e+00
-2.804547667503356934e+01 -3.321453750133514404e+01 1.484064914286136627e+01
4.107235446572303772e+01 3.492111644707620144e+01 -2.450214095413684845e+01
3.411802694201469421e+01 -1.884454051032662392e+01 2.244218289852142334e+01
-5.749740332365036011e+01 -2.651925077661871910e+00 -1.211662396788597107e+01
-6.064787596464157104e+01 -5.836819205433130264e+00 -3.652992375195026398e+01
7.736963480710983276e+00 7.543317684903740883e+00 6.855481043457984924e+00
7.703259959816932678e+01 -4.622225880622863770e+01 -8.838534802198410034e+00
-1.384975790977478027e+01 2.472587368451058865e+01 3.917704463005065918e+01
-8.881055861711502075e+00 -2.505868059583008289e+01 -4.829671978950500488e-01
6.210449129343032837e+01 3.705037273466587067e+00 3.019405052065849304e+01
1.280392646789550781e+01 -3.248531754128634930e+01 -3.285943441092967987e+01
-7.567425593733787537e+01 3.433471875265240669e+01 2.562408670783042908e+00
-4.243070468306541443e+01 -4.268053884617984295e+01 2.814880594611167908e+01
2.909130096435546875e+01 2.132697599008679390e+01 -1.844582885503768921e+01
5.604079157114028931e+01 -1.486345929093658924e+01 1.585734926164150238e+01
-3.297393038868904114e+01 1.671278003603219986e+01 -2.614626877009868622e+01
-3.255063056945800781e+01 -1.516118071973323822e+01 -4.724573940038681030e+00
5.592999592423439026e+01 1.650537713430821896e+01 3.438848555088043213e+01
2.897811695933341980e+01 -4.289098085835576057e+01 -3.240666218101978302e+01
-4.200498670339584351e+01 2.103180014528334141e+01 2.078683152794837952e+00
-7.609999746084213257e+01 -3.269557716324925423e+01 2.641416072845458984e+01
1.291716381907463074e+01 3.403968238271772861e+01 -1.674214288592338562e+01
6.221523419022560120e+01 -2.535658441483974457e+01 1.880331195890903473e+01
-9.304332733154296875e+00 3.497494896873831749e+00 -2.913939721882343292e+01
-1.437133386731147766e+01 -4.636403341777622700e+01 1.059638403356075287e+01
7.724165230989456177e+01 2.466964762657880783e+01 -2.030988745391368866e+01
7.948423624038696289e+00 -5.890091983601450920e+00 2.289715573191642761e+01
-6.117185100913047791e+01 7.399083320051431656e+00 -1.259771019220352173e+01
-5.697338566184043884e+01 -1.889799567870795727e+01 -3.826253525912761688e+01
3.390653252601623535e+01 -2.796298917382955551e+00 8.561982735991477966e+00
4.086333543062210083e+01 -3.335612972266972065e+01 -5.895368754863739014e+00
-2.752394273877143860e+01 3.486502986401319504e+01 3.618186339735984802e+01
-2.302101984620094299e+01 -3.718079457059502602e+01 -2.457575045526027679e+01
4.608697146177291870e+01 3.798649461008608341e+01 1.490374915301799774e+01
3.913265049457550049e+01 -2.070108026266098022e+01 -1.188676476478576660e+01
-5.247293516993522644e+01 -2.900142315775156021e-01 2.222283318638801575e+01
-6.563319250941276550e+01 -8.396483957767486572e+00 6.636131331324577332e+00
2.761333584785461426e+00 9.202103530988097191e+00 -3.630006454885005951e+01
7.205696314573287964e+01 -4.948539087548851967e+01 3.924014464020729065e+01
-1.883508577942848206e+01 2.849437684752047062e+01 -8.912144303321838379e+00
-3.905444741249084473e+00 -2.285027827136218548e+01 3.010088115930557251e+01
6.708978965878486633e+01 1.694388855248689651e+00 -4.003454744815826416e-01
1.778923735022544861e+01 -2.957413387484848499e+01 2.811827734112739563e+00
-7.069863706827163696e+01 3.021503899246454239e+01 -3.309830583631992340e+01
-4.744530111551284790e+01 -3.906623017974197865e+01 -1.868470028042793274e+01
2.406686529517173767e+01 1.791042122989892960e+01 2.839822500944137573e+01
5.101634338498115540e+01 -1.335818196646869183e+01 -2.606364704668521881e+01
-3.798853456974029541e+01 1.399900661781430244e+01 1.576417990028858185e+01
-3.663368180394172668e+01 -4.421036005951464176e+01 2.383115217089653015e+01
5.497427135705947876e+01 2.251597426831722260e+01 -1.416889220476150513e+01
2.051991224288940430e+01 -1.366876802407205105e+01 1.154257558286190033e+01
-4.858555898070335388e+01 1.517775936052203178e+01 -2.186889342963695526e+01
-7.455829724669456482e+01 -2.667665026150643826e+01 -7.454067170619964600e+00
1.633611440658569336e+01 4.982355665415525436e+00 3.712775215506553650e+01
6.813178211450576782e+01 -3.120247782208025455e+01 -3.983341448009014130e+01
-2.602286636829376221e-01 3.271137796342372894e+01 9.495671615004539490e+00
-1.529270768165588379e+01 -7.383212782442569733e+00 -3.084554143249988556e+01
7.320241227746009827e+01 8.727409197017550468e+00 1.135216727852821350e+00
1.401898115873336792e+00 -4.504394611343741417e+01 -3.156117051839828491e+00
-6.958593815565109253e+01 2.318476540036499500e+01 3.345237433910369873e+01
-5.352012127637863159e+01 -3.484856387600302696e+01 1.786689318716526031e+01
3.549200698733329773e+01 3.619266909547150135e+01 -2.757063753902912140e+01
4.994144693017005920e+01 -1.757859501987695694e+01 2.547039151191711426e+01
-2.156331658363342285e+01 -4.280494498088955879e+00 -1.518071457743644714e+01
-2.647693574428558350e+01 -1.937895431183278561e+01 4.365617111325263977e+00
4.450350001454353333e+01 -1.776935104280710220e+00 -3.403931893408298492e+01
3.005158290266990662e+01 -3.867046051658689976e+01 3.166690379381179810e+01
-5.843125373125076294e+01 3.931136563420295715e+01 -1.329144388437271118e+00
-6.471374541521072388e+01 -4.816257827915251255e+01 -2.699274875223636627e+01
6.803148835897445679e+00 2.700676932930946350e+01 1.733051009476184845e+01
7.860125735402107239e+01 -9.886836549267172813e+00 -1.962602093815803528e+01
-1.041811883449554443e+01 1.052766120061278343e+01 2.995231717824935913e+01
-5.444798618555068970e+00 -2.808375982567667961e+01 -1.095520257949829102e+01
6.366792052984237671e+01 2.888945986516773701e+01 2.065896347165107727e+01
1.187472999095916748e+01 -2.417311232537031174e+01 -2.363689027726650238e+01
-7.974535390734672546e+01 3.182017831131815910e+00 1.334719650447368622e+01
-4.335940763354301453e+01 -1.186849456280469894e+01 3.768389478325843811e+01
2.502031981945037842e+01 1.267411413602530956e+01 -7.973591685295104980e+00
5.947708457708358765e+01 -4.038837758824229240e+01 5.072569176554679871e+00
-3.140992656350135803e+01 1.939736356027424335e+01 -3.536880515515804291e+01
-3.122879505157470703e+01 -3.074447889812290668e+01 7.808531820774078369e+00
5.788819923996925354e+01 3.190045397728681564e+01 -3.809805408120155334e+01
2.734011933207511902e+01 -2.683389577083289623e+01 3.509937532246112823e+01
-4.427446931600570679e+01 6.192904654890298843e+00 -5.395785942673683167e+00
-7.758151620626449585e+01 -1.452912780456244946e+01 -2.106030538678169250e+01
1.080370232462882996e+01 1.568519407883286476e+01 1.076389759778976440e+01
6.400559082627296448e+01 -4.304924686439335346e+01 -1.368323065340518951e+01
-6.877150535583496094e+00 2.240816455334424973e+01 2.339370556175708771e+01
-1.194720342755317688e+01 -1.641199134290218353e+01 -1.688774071633815765e+01
7.903750211000442505e+01 -4.393794694915413857e+00 2.722563378512859344e+01
5.830689668655395508e+00 -3.570343317463994026e+01 -2.957973837852478027e+01
-6.264665588736534119e+01 3.669461333192884922e+01 1.990590289235115051e+01
-5.924714073538780212e+01 -4.519570114091038704e+01 3.424107603728771210e+01
3.227524876594543457e+01 2.438982390798628330e+01 -3.914913162589073181e+00
4.281848698854446411e+01 -6.919723376631736755e+00 1.640154272317886353e+00
-2.619661405682563782e+01 7.910994729027152061e+00 -3.130225956439971924e+01
-2.075809851288795471e+01 -1.003858889453113079e+01 2.789866112172603607e+01
4.773153036832809448e+01 1.173271702602505684e+01 -1.760227017104625702e+01
3.718589127063751221e+01 -4.769908619113266468e+01 1.559968039393424988e+01
-5.380621477961540222e+01 2.619035217911005020e+01 -2.531013876199722290e+01
-6.804862543940544128e+01 -3.750385415740311146e+01 -8.968388289213180542e-01
9.592276811599731445e-01 3.919806275516748428e+01 3.118638239800930023e+01
7.416355818510055542e+01 -2.023382092826068401e+01 -3.326587647199630737e+01
-1.734670057892799377e+01 -1.274993550032377243e+00 3.562265485525131226e+00
-2.412787079811096191e+00 -4.124874005094170570e+01 -3.740267500281333923e+01
6.918967083096504211e+01 1.990480096079409122e+01 7.076528668403625488e+00
1.599018320441246033e+01 -1.070738404989242554e+01 -9.723597243428230286e+00
-7.311956316232681274e+01 1.256630710326135159e+01 3.938568569719791412e+01
-4.877552896738052368e+01 -2.371511608362197876e+01 1.379928827285766602e+01
2.211461290717124939e+01 2.371096527203917503e+00 -2.413720294833183289e+01
5.266517475247383118e+01 -2.824100801721215248e+01 2.141323007643222809e+01
-3.573232710361480713e+01 3.010001153685152531e+01 -1.173937328159809113e+01
-3.968455746769905090e+01 -2.550833676010370255e+01 -2.863355636596679688e+01
5.130518585443496704e+01 4.702550722286105156e+00 1.834690645337104797e+01
2.325950860977172852e+01 -3.223208507522940636e+01 -1.595373474061489105e+01
-4.523263558745384216e+01 3.322326523251831532e+01 2.565444223582744598e+01
-7.166252717375755310e+01 -4.172437449917197227e+01 6.926551461219787598e-02
1.984536409378051758e+01 2.091849726624786854e+01 -3.036856114864349365e+01
6.554973274469375610e+01 -1.601604733616113663e+01 3.268238715827465057e+01
-3.460640460252761841e+00 1.700731868855655193e+01 -2.969033941626548767e+00
-1.848640561103820801e+01 -3.421649218536913395e+01 3.666784174740314484e+01
7.061609044671058655e+01 3.537246726453304291e+01 -6.331906691193580627e+00
4.916640967130661011e+00 -1.773688516579568386e+01 9.369643032550811768e+00
-6.669321984052658081e+01 -2.904105950146913528e+00 -3.904151096940040588e+01
-5.016170471906661987e+01 -5.432095741853117943e+00 -1.462699033319950104e+01
3.822855159640312195e+01 6.588162016123533249e+00 2.495512433350086212e+01
4.627907529473304749e+01 -4.652128160931169987e+01 -2.199673369526863098e+01
-2.461846470832824707e+01 2.588019929826259613e+01 1.233266681432723999e+01
-2.984160840511322021e+01 -4.902739195153117180e+01 -8.157584145665168762e+00
4.177565291523933411e+01 2.768345286138355732e+01 3.845689631998538971e+01
3.372753486037254333e+01 -8.553729467093944550e+00 -3.584887608885765076e+01
-5.538724452257156372e+01 1.041265252046287060e+01 6.135506033897399902e+00
-6.150677233934402466e+01 -2.156144004315137863e+01 2.047189988195896149e+01
9.378636926412582397e+00 2.174204867333173752e-01 -1.018527157604694366e+01
7.508056357502937317e+01 -3.601968137547373772e+01 1.287019610404968262e+01
-1.330244481563568115e+01 3.787868489511311054e+01 -2.257088229060173035e+01
-8.334617763757705688e+00 -1.219157828949391842e+01 1.653855010867118835e+01
6.015027850866317749e+01 1.388570642098784447e+01 -2.686670094728469849e+01
1.444350421428680420e+01 -3.992109947837889194e+01 2.883021377027034760e+01
-7.653410837054252625e+01 1.841236546635627747e+01 -1.916613034904003143e+01
-4.032211229205131531e+01 -2.972588890232145786e+01 -3.482942909002304077e+01
2.870054423809051514e+01 3.142009750008583069e+01 4.493515342473983765e+00
5.674374431371688843e+01 -2.238678886555135250e+01 -2.453098222613334656e+00
-3.477154746651649475e+01 8.779743872582912445e-01 3.212494455277919769e+01
-3.410337552428245544e+01 -4.448036773130297661e+01 -3.345404632389545441e+01
5.748275518417358398e+01 2.365251784212887287e+01 3.155349865555763245e+00
2.803082615137100220e+01 -7.610295973718166351e+00 -1.133238524198532104e+00
-4.105771020054817200e+01 8.579594669863581657e+00 3.084600210189819336e+01
-7.704725220799446106e+01 -1.710256393998861313e+01 1.518270470201969147e+01
1.386440426111221313e+01 -3.725194754078984261e+00 -2.546993799507617950e+01
6.066252470016479492e+01 -3.498809976503252983e+01 2.756895363330841064e+01
-7.751608937978744507e+00 3.595730726607143879e+01 -1.786765322089195251e+01
-1.279904812574386597e+01 -1.379422365687787533e+01 2.186934575438499451e+01
7.566937133669853210e+01 1.497226258739829063e+01 -1.154058903455734253e+01
8.876173645257949829e+00 -4.372093536891043186e+01 1.416813574731349945e+01
-6.209960579872131348e+01 2.310182571411132812e+01 -2.383283488452434540e+01
-5.604567170143127441e+01 -3.141616740263998508e+01 -9.496439993381500244e+00
3.297881379723548889e+01 3.259411513805389404e+01 3.983173891901969910e+01
4.243558570742607117e+01 -2.609899162314832211e+01 -3.712728790938854218e+01
-2.909618824720382690e+01 5.479973163455724716e+00 7.456046566367149353e+00
-2.394876509904861450e+01 -2.438371468335390091e+01 -1.334917366504669189e+01
4.701473101973533630e+01 3.061667783185839653e+00 2.363642826676368713e+01
3.756035998463630676e+01 -2.750370061025023460e+01 -2.065729044377803802e+01
-5.090065896511077881e+01 2.938467678613960743e+01 1.095596842467784882e+01
-6.720544755458831787e+01 -4.051143264397978783e+01 3.537049010396003723e+01
4.333574324846267700e+00 1.918946621008217335e+01 -5.071810483932495117e+00
7.112925395369529724e+01 -1.137598264962434769e+01 7.971602603793144226e+00
-1.790736228227615356e+01 1.325687835924327374e+01 -3.768434964120388031e+01
-2.958158701658248901e+00 -3.819751665927469730e+01 1.329901888966560364e+00
6.614250838756561279e+01 3.986975260078907013e+01 -3.166522242128849030e+01
1.934198707342147827e+01 -1.952089077793061733e+01 3.403886765241622925e+01
-7.225139155983924866e+01 -2.009896356612443924e+00 -4.367605000734329224e+00
-4.589258685708045959e+01 -9.325658744201064110e+00 -2.995278038084506989e+01
2.251414626836776733e+01 1.099781421944499016e+01 1.962404020130634308e+01
5.196359336376190186e+01 -4.839274869300425053e+01 -1.732974067330360413e+01
-3.893577978014945984e+01 2.686204202473163605e+01 2.699442297220230103e+01
-3.506138890981674194e+01 -6.103440923616290092e+00 1.259968839585781097e+01
5.340199276804924011e+01 7.281479854136705399e+00 -2.289669506251811981e+01
2.144765987992286682e+01 -4.578672078438103199e+01 2.030821546912193298e+01
-4.951332092285156250e+01 2.516761112958192825e+01 -1.059715121984481812e+01
-7.363059043884277344e+01 -3.348193136043846607e+01 -3.618354730308055878e+01
1.540839329361915588e+01 3.465987909585237503e+01 5.894608721137046814e+00
6.970403477549552917e+01 -1.840823034755885601e+01 -8.559992611408233643e+00
-1.832467019557952881e+00 -2.210788112133741379e+00 3.826298877596855164e+01
-1.684545978903770447e+01 -4.241529041901230812e+01 -2.079439610242843628e+00
7.475516915321350098e+01 2.158744052983820438e+01 3.240497946739196777e+01
4.546096920967102051e-01 -1.530037060379981995e+01 -3.438803322613239288e+01
-6.863865450024604797e+01 1.626966929994523525e+01 4.726560488343238831e+00
-5.446736887097358704e+01 -2.479266002774238586e+01 2.913986146450042725e+01
3.643924981355667114e+01 3.964901333674788475e+00 -1.880133256316184998e+01
4.838873505592346191e+01 -3.292300099506974220e+01 1.674137450754642487e+01
-2.001059994101524353e+01 3.389220849610865116e+01 -2.641583628952503204e+01
-2.552964255213737488e+01 -2.901330207474529743e+01 3.309997886419296265e+01
4.355622112751007080e+01 3.068553801625967026e+01 -2.811061888933181763e+00
3.160433024168014526e+01 -2.308010804466903210e+01 3.983683139085769653e-01
-5.998401537537574768e+01 1.549320910125970840e+00 -3.010134316980838776e+01
-6.316103830933570862e+01 -1.288489746861159801e+01 -1.576616898179054260e+01
5.250427424907684326e+00 1.455705294385552406e+01 2.606319218873977661e+01
7.954850971698760986e+01 -3.920851265080273151e+01 -2.839654006063938141e+01
-1.136535689234733582e+01 1.767780598253011703e+01 1.868545897305011749e+01
-6.372551023960113525e+00 -2.082378931343555450e+01 -2.222328446805477142e+01
6.459567770361900330e+01 -4.982575867325067520e-01 1.188477687537670135e+01
1.030244186520576477e+01 -3.668862329795956612e+01 -1.490299165248870850e+01
-7.817307054996490479e+01 3.856959947384893894e+01 2.457743182778358459e+01
-4.493165552616119385e+01 -4.969633387401700020e+01 8.912913724780082703e+00
2.659256294369697571e+01 2.837436744011938572e+01 -3.923847042024135590e+01
5.854937300086021423e+01 -7.816078737378120422e+00 3.629960134625434875e+01
-3.048221021890640259e+01 9.696974446997046471e+00 -6.638112068176269531e+00
-3.215654954314231873e+01 -1.820703684352338314e+01 3.904227800667285919e+01
5.881594896316528320e+01 -3.465285096317529678e+00 -9.367971196770668030e+00
2.576783806085586548e+01 -3.407176353968679905e+01 6.331445872783660889e+00
-4.270218327641487122e+01 3.560263633728027344e+01 -3.666982010006904602e+01
-7.915376141667366028e+01 -4.707966723479330540e+01 -1.233312048017978668e+01
1.237595230340957642e+01 2.540725409984588623e+01 2.199474342167377472e+01
6.307787179946899414e+01 -5.199133148416876793e+00 -2.495436444878578186e+01
-5.949436277151107788e+00 6.730097141116857529e+00 1.462867408990859985e+01
-1.099992722272872925e+01 -3.202418906614184380e+01 -2.565642893314361572e+01
7.809021160006523132e+01 3.334632162936031818e+01 1.595328226685523987e+01
7.383449226617813110e+00 -2.609110232442617416e+01 -1.834522388875484467e+01
-6.419940114021301270e+01 4.210040150210261345e+00 2.863431267440319061e+01
-5.769441723823547363e+01 -1.589569862931966782e+01 2.970709353685379028e+00
3.072253957390785217e+01 1.721792238764464855e+01 -3.268161892890930176e+01
4.376572772860527039e+01 -4.221959276124835014e+01 3.036658160388469696e+01
-2.714386910200119019e+01 2.033843939192593098e+01 -6.972990930080413818e-02
-2.231085330247879028e+01 -3.980383799411356449e+01 1.916659221053123474e+01
4.928428038954734802e+01 1.862605638802051544e+01 -2.882823675870895386e+01
3.623861029744148254e+01 -1.268919712863862514e+01 2.686593495309352875e+01
-5.285892903804779053e+01 1.330804912373423576e+01 -1.654022328555583954e+01
-6.899587094783782959e+01 -2.218129343353211880e+01 -3.212570339441299438e+01
1.906477957963943481e+00 1.003431361168622971e+00 2.451413124799728394e+00
7.261083945631980896e+01 -3.031174168922007084e+01 -4.493060633540153503e+00
-1.579398661851882935e+01 3.093067415058612823e+01 3.483141802251338959e+01
-8.405105769634246826e-01 -9.109027869999408722e+00 -6.137187555432319641e+00
6.761738002300262451e+01 9.936620099470019341e+00 3.584811843931674957e+01
1.691794246435165405e+01 -4.879202878102660179e+01 -3.845490857958793640e+01
-7.404730811715126038e+01 2.782298740930855274e+01 8.158035278320312500e+00
-4.784780517220497131e+01 -3.648743247613310814e+01 2.257286287844181061e+01
2.118690341711044312e+01 3.731510517187416553e+01 -1.286973305046558380e+01
5.423741519451141357e+01 -2.141362417489290237e+01 1.018359720706939697e+01
-3.730458185076713562e+01 4.445023369044065475e-01 -2.047266945242881775e+01
-3.873727411031723022e+01 -3.558342510834336281e+01 -1.990636371076107025e+01
5.035789772868156433e+01 3.690555767156183720e+01 2.957776002585887909e+01
2.481226578354835510e+01 -1.690686360001564026e+01 -2.722486674785614014e+01
-4.678538799285888672e+01 -4.974198574200272560e+00 1.688941255211830139e+01
-7.010981082916259766e+01 -6.711481362581253052e+00 3.130301944911479950e+01
1.829265251755714417e+01 8.033705120906233788e+00 -1.638470515608787537e+00
6.649697586894035339e+01 -4.577880734577775002e+01 3.914459496736526489e+00
-4.407888352870941162e+00 2.389765397645533085e+01 -3.424306631088256836e+01
-1.941416725516319275e+01 -2.739194075576961040e+01 5.397468507289886475e+00
7.154383778572082520e+01 5.719618815928697586e+00 -3.509861901402473450e+01
3.344362080097198486e+00 -3.051186230964958668e+01 3.809606738388538361e+01
-6.512092664837837219e+01 3.204273510724306107e+01 -7.808984294533729553e+00
-5.173394277691841125e+01 -4.351974454708397388e+01 -2.339568510651588440e+01
3.980080395936965942e+01 2.184733141213655472e+01 1.368276625871658325e+01
4.535135388374328613e+01 -1.438405851833522320e+01 -1.076222218573093414e+01
-2.369075760245323181e+01 1.591502251103520393e+01 2.106107361614704132e+01
-2.826932474970817566e+01 -1.117478914558887482e+01 -3.938645169138908386e+01
4.020336449146270752e+01 1.200238137505948544e+01 9.721924066543579102e+00
3.465529173612594604e+01 -4.110126482322812080e+01 -7.076066806912422180e+00
-5.631499662995338440e+01 2.013222345151007175e+01 3.740465201437473297e+01
-6.057905569672584534e+01 -2.879664706066250801e+01 1.173982799053192139e+01
8.450925052165985107e+00 2.962431975640356541e+01 -2.141124114394187927e+01
7.665280640125274658e+01 -2.347940690815448761e+01 2.413644410669803619e+01
-1.487469241023063660e+01 2.510285070165991783e+00 -1.380097337067127228e+01
-9.887379705905914307e+00 -4.749393676407635212e+01 2.531212650239467621e+01
6.170302614569664001e+01 2.631615515798330307e+01 -1.559922926127910614e+01
1.349622562527656555e+01 -1.062410104088485241e+01 1.760058864951133728e+01
-7.558681547641754150e+01 1.124295303598046303e+01 -2.789941877126693726e+01
-4.126935064792633057e+01 -2.011621880345046520e+01 -3.563939854502677917e+00
2.964779689908027649e+01 -1.061643268913030624e+00 3.326510690152645111e+01
5.519102320075035095e+01 -3.800181900151073933e+01 -3.118440181016921997e+01
-3.321884065866470337e+01 3.862075146287679672e+01 8.973018825054168701e-01
-3.343000769615173340e+01 -1.990575407631695271e+01 -3.686317808926105499e+01
5.505065456032752991e+01 -8.985782042145729065e-01 6.527109518647193909e+00
2.950498029589653015e+01 -3.779205667786300182e+01 -9.174230545759201050e+00
-4.147808760404586792e+01 3.878452965989708900e+01 3.884623169898986816e+01
-7.541715353727340698e+01 -4.728415298275649548e+01 1.450983621180057526e+01
1.359997197985649109e+01 2.647991189733147621e+01 -2.483783669769763947e+01
6.180433765053749084e+01 -1.041365777142345905e+01 2.211381137371063232e+01
-9.715265035629272461e+00 1.140603955835103989e+01 -1.244987830519676208e+01
-1.474164202809333801e+01 -2.861160464584827423e+01 2.843811497092247009e+01
7.687130838632583618e+01 2.976887254975736141e+01 -1.815163701772689819e+01
8.671855926513671875e+00 -2.329366074874997139e+01 1.614909969270229340e+01
-6.044845446944236755e+01 2.654123390093445778e+00 -2.584963552653789520e+01
-5.640654429793357849e+01 -1.098906444385647774e+01 -1.863339543342590332e-01
3.447340965270996094e+01 1.214624115265905857e+01 3.048580095171928406e+01
4.002393633127212524e+01 -4.091620095074176788e+01 -3.256524257361888885e+01
-2.836330607533454895e+01 2.027675478719174862e+01 2.851717695593833923e+00
-2.358698144555091858e+01 -4.333195487968623638e+01 -1.634335696697235107e+01
4.552104562520980835e+01 2.198913695290684700e+01 2.667133584618568420e+01
3.997292935848236084e+01 -1.419556644745171070e+01 -2.902548335492610931e+01
-5.163262054324150085e+01 1.605611491948366165e+01 1.936157159507274628e+01
-6.526132270693778992e+01 -2.720347014255821705e+01 3.494674518704414368e+01
3.133167624473571777e+00 5.860732682049274445e+00 -4.610660076141357422e+00
7.133509248495101929e+01 -3.032405118457973003e+01 2.335858270525932312e+00
-1.955699220299720764e+01 3.218451919034123421e+01 -3.200787626206874847e+01
-4.589778780937194824e+00 -6.503762546926736832e+00 8.352863267064094543e+00
6.640541985630989075e+01 8.199516097083687782e+00 -3.865230895578861237e+01
1.819864377379417419e+01 -4.557179227471351624e+01 3.565367311239242554e+01
-7.028926640748977661e+01 2.406417942605912685e+01 -5.940169841051101685e+00
-4.656687527894973755e+01 -3.537638857960700989e+01 -2.035468854010105133e+01
2.494532689452171326e+01 3.707206166349351406e+01 1.006819374859333038e+01
5.048852875828742981e+01 -1.669916624203324318e+01 -1.298748388886451721e+01
-3.851631343364715576e+01 -4.808366140350699425e+00 2.268803626298904419e+01
-3.747426345944404602e+01 -3.630168128758668900e+01 1.708307705819606781e+01
5.413364917039871216e+01 3.745894919149577618e+01 -2.742083661258220673e+01
2.108557105064392090e+01 -2.122858678922057152e+01 2.938432559370994568e+01
-4.801994070410728455e+01 5.890494305640459061e-01 -1.971062391996383667e+01
-7.383612379431724548e+01 -8.923969026654958725e+00 -3.412392191588878632e+01
1.705832839012145996e+01 1.008114573545753956e+01 3.797625526785850525e+00
6.776021510362625122e+01 -4.860629905015230179e+01 -1.757232248783111572e+00
-6.317551434040069580e-01 2.796685288660228252e+01 3.141947075724601746e+01
-1.570242166519165039e+01 -2.197153613902628422e+01 -7.613090723752975464e+00
7.279273882508277893e+01 1.167203858494758606e+00 3.790278434753417969e+01
2.085924595594406128e+00 -3.010127193294465542e+01 -3.529474027454853058e+01
-6.890187114477157593e+01 3.109374491497874260e+01 5.590979233384132385e+00
-5.299199908971786499e+01 -3.959338969551026821e+01 2.117737352848052979e+01
3.602008864283561707e+01 1.878914861008524895e+01 -1.088113769888877869e+01
4.906332865357398987e+01 -1.247941837646067142e+01 1.356608606874942780e+01
-2.244147539138793945e+01 1.347180016338825226e+01 -2.327638931572437286e+01
-2.700349152088165283e+01 -1.568868858739733696e+01 3.720748156309127808e+01
4.397690370678901672e+01 1.738444213755428791e+01 -6.881163865327835083e+00
3.093126758933067322e+01 -4.201186891645193100e+01 9.918866828083992004e+00
-5.755160957574844360e+01 2.050425606779754162e+01 -3.958112694323062897e+01
-6.430315643548965454e+01 -3.181648667901754379e+01 -1.391660466790199280e+01
7.213778346776962280e+00 3.351215976290404797e+01 2.425434738397598267e+01
7.791810587048530579e+01 -2.588407082483172417e+01 -2.129599012434482574e+01
-1.110122978687286377e+01 4.376538442447781563e+00 1.162230499088764191e+01
-6.167928129434585571e+00 -4.689117013476788998e+01 -2.809394024312496185e+01
6.294483155012130737e+01 2.554835220798850060e+01 1.779768280684947968e+01
1.224534094333648682e+01 -5.011348510161042213e+00 -1.540447771549224854e+01
-7.937470242381095886e+01 6.871896982192993164e+00 2.511480227112770081e+01
-4.252031132578849792e+01 -1.801923074759542942e+01 7.796274870634078979e-01
2.585937559604644775e+01 -3.323506712913513184e+00 -3.106930457055568695e+01
5.890994042158126831e+01 -3.388328789733350277e+01 3.338316395878791809e+01
-3.197711125016212463e+01 3.574375590309500694e+01 -3.679419755935668945e+00
-3.038821101188659668e+01 -4.990611262619495392e+01 3.065026231110095978e+01
5.872881904244422913e+01 2.821061640046536922e+01 -9.398040920495986938e-01
2.677446290850639343e+01 -8.026527035981416702e+00 3.351319730281829834e+00
-4.484008997678756714e+01 9.533882224932312965e+00 -3.364771082997322083e+01
-7.830369204282760620e+01 -2.103425906971096992e+01 -1.798410452902317047e+01
1.008149072527885437e+01 -6.613283511251211166e-01 2.768771536648273468e+01
6.437715545296669006e+01 -3.689838059246540070e+01 -2.535310402512550354e+01
-6.505621671676635742e+00 3.840582697652280331e+01 1.506356030702590942e+01
-1.153749182820320129e+01 -1.307062719948589802e+01 -2.402634561061859131e+01
7.944717794656753540e+01 1.441318746656179428e+01 1.436425700783729553e+01
5.146660804748535156e+00 -3.939357149414718151e+01 -1.134730599820613861e+01
-6.333072051405906677e+01 1.753328034654259682e+01 2.167345218360424042e+01
-5.977526053786277771e+01 -2.919833946041762829e+01 7.336750775575637817e+00
3.174716472625732422e+01 3.054099092260003090e+01 -3.701060771942138672e+01
4.369660764932632446e+01 -2.326585923321545124e+01 3.995065443217754364e+01
-2.531845763325691223e+01 1.405476890504360199e+00 -9.612739905714988708e+00
-2.023154035210609436e+01 -2.498113567009568214e+01 1.115064367651939392e+01
4.825812429189682007e+01 3.823781767860054970e+00 -2.085423320531845093e+01
3.630620896816253662e+01 -3.311080709099769592e+01 2.344152532517910004e+01
-5.468586131930351257e+01 3.375043011270463467e+01 -1.315200321376323700e+01
-6.845921680331230164e+01 -4.260307505726814270e+01 -3.756682664155960083e+01
5.486005544662475586e-01 2.144564068876206875e+01 7.856351584196090698e+00
7.484670728445053101e+01 -1.548886770382523537e+01 -5.189713761210441589e+00
-1.666358724236488342e+01 1.612857119180262089e+01 3.548612140119075775e+01
-1.689659953117370605e+00 -3.368896286003291607e+01 -4.170280769467353821e+00
6.991276219487190247e+01 3.449338080361485481e+01 3.384411610662937164e+01
1.561956986784934998e+01 -1.861593273468315601e+01 -3.186231657862663269e+01
-7.349021226167678833e+01 -2.376626245677471161e+00 1.524423360824584961e+00
-4.961462289094924927e+01 -6.311164768412709236e+00 2.710990287363529205e+01
2.127555474638938904e+01 7.115663178265094757e+00 -1.744779773056507111e+01
5.323232129216194153e+01 -4.599373082630336285e+01 1.950894296169281006e+01
-3.516514480113983154e+01 2.500109137967228889e+01 -2.983510598540306091e+01
-3.880517795681953430e+01 -9.510722616687417030e+00 -1.040110491216182709e+01
5.218452483415603638e+01 1.085328288376331329e+01 2.011447481811046600e+01
2.273264765739440918e+01 -4.857847339473664761e+01 -2.309235870838165283e+01
-4.575953707098960876e+01 2.671818224713206291e+01 1.279304638504981995e+01
-7.234537348151206970e+01 -3.838326281867921352e+01 3.837974660098552704e+01
1.916255831718444824e+01 3.972591428086161613e+01 -8.679060563445091248e+00
6.596062690019607544e+01 -1.970593319274485111e+01 5.778080970048904419e+00
-3.049705773591995239e+00 -2.154449149966239929e+00 -3.606470942497253418e+01
-1.811609983444213867e+01 -4.072187591344118118e+01 4.919767081737518311e+00
7.098643675446510315e+01 1.902637968771159649e+01 -3.458385065197944641e+01
4.193206280469894409e+00 -1.158576643094420433e+01 3.221139259636402130e+01
-6.741661399602890015e+01 1.309312161989510059e+01 -1.883241906762123108e+00
-5.072854369878768921e+01 -2.459347700700163841e+01 -2.629684463143348694e+01
3.766167208552360535e+01 2.897889586165547371e+00 1.662499815225601196e+01
4.711847677826881409e+01 -2.771416533738374710e+01 -1.892055191099643707e+01
-2.377910375595092773e+01 2.922161172144114971e+01 2.925646550953388214e+01
-2.927564442157745361e+01 -3.162386476062238216e+01 -3.029632255434989929e+01
4.234157636761665344e+01 3.242828270420432091e+01 5.956149101257324219e-01
3.288725838065147400e+01 -2.630602815188467503e+01 -2.616462782025337219e+00
-5.622756153345108032e+01 5.313469171524047852e+00 3.290311254560947418e+01
-6.187864452600479126e+01 -1.400123872794210911e+01 1.856763184070587158e+01
9.006805270910263062e+00 1.480573713779449463e+01 -2.828098520636558533e+01
7.580243185162544250e+01 -4.392865418456494808e+01 2.618079163134098053e+01
-1.258053600788116455e+01 2.293601473793387413e+01 -1.588149614632129669e+01
-7.650286108255386353e+00 -1.729037506505846977e+01 2.438041411340236664e+01
6.083465069532394409e+01 -3.866978837177157402e+00 -1.470854632556438446e+01
1.403409540653228760e+01 -3.517657037824392319e+01 1.208217725157737732e+01
-7.694347664713859558e+01 3.581619339995086193e+01 -2.241811245679855347e+01
-4.120053574442863464e+01 -4.466885980218648911e+01 -6.753285452723503113e+00
2.782208025455474854e+01 2.351142543368041515e+01 3.641735218465328217e+01
5.727156132459640503e+01 -7.798085641115903854e+00 -3.912306696176528931e+01
-3.424377098679542542e+01 8.437789129093289375e+00 8.794932812452316284e+00
-3.498272642493247986e+01 -2.989170088432729244e+01 -5.592652410268783569e+00
5.660336852073669434e+01 3.121237969025969505e+01 3.529397428035736084e+01
2.855773478746414185e+01 -2.255331330932676792e+01 -3.790080733597278595e+01
-4.053083732724189758e+01 6.709583103656768799e-01 7.613552585244178772e+00
-7.636443451046943665e+01 -1.235808127559721470e+01 2.327837824821472168e+01
1.454725772142410278e+01 1.367866888642311096e+01 -1.356563135981559753e+01
6.025158286094665527e+01 -4.008693291805684566e+01 1.087945260107517242e+01
-8.162515014410018921e+00 1.820466911420226097e+01 -2.117813237011432648e+01
-1.316940158605575562e+01 -2.170324591919779778e+01 1.971107505261898041e+01
7.529905363917350769e+01 2.963115461170673370e-02 -2.938233785331249237e+01
9.599579721689224243e+00 -3.616077344864606857e+01 2.742007896304130554e+01
-6.137616395950317383e+01 3.769019248895347118e+01 -1.708475857973098755e+01
-5.547878503799438477e+01 -4.916850548237562180e+01 -3.142024032771587372e+01
3.354566469788551331e+01 2.749498191289603710e+01 1.755557879805564880e+00
4.159621283411979675e+01 -8.695513885468244553e+00 -3.797162473201751709e+00
-2.993559688329696655e+01 1.022484173066914082e+01 3.412590250372886658e+01
-2.451470047235488892e+01 -5.576647529378533363e+00 -2.511678062379360199e+01
4.644875988364219666e+01 6.403118595480918884e+00 1.540401689708232880e+01
3.840068414807319641e+01 -4.666512093506753445e+01 -1.779601097106933594e+01
-5.006037056446075439e+01 2.569445414468646049e+01 2.809470728039741516e+01
-6.683360397815704346e+01 -3.436035296879708767e+01 3.681103512644767761e+00
4.705453664064407349e+00 3.518674356862902641e+01 -3.338240407407283783e+01
7.040733799338340759e+01 -1.788141549564898014e+01 3.106731429696083069e+01
-1.862924247980117798e+01 -3.089170828461647034e+00 -7.800811529159545898e-01
-3.642538040876388550e+00 -4.188743922859430313e+01 3.958188325166702271e+01
6.545816481113433838e+01 2.070803220383822918e+01 -9.917184263467788696e+00
1.975136727094650269e+01 -1.617982586845755577e+01 6.880711391568183899e+00
-7.184197559952735901e+01 1.679755670018494129e+01 -3.720946826040744781e+01
-4.501411572098731995e+01 -2.567209383472800255e+01 -1.162276938557624817e+01
2.339258164167404175e+01 4.492767276242375374e+00 2.129401057958602905e+01
5.143580496311187744e+01 -3.239517126232385635e+01 -2.425357915461063385e+01
-3.946360394358634949e+01 3.301282162778079510e+01 1.391828007996082306e+01
-3.590202063322067261e+01 -2.385621318593621254e+01 2.585161253809928894e+01
5.256140157580375671e+01 2.182598421350121498e+00 -1.614863783121109009e+01
2.201328769326210022e+01 -2.838280886411666870e+01 1.814996384084224701e+01
-4.894765257835388184e+01 2.991222790442407131e+01 -2.843888096511363983e+01
-7.290836691856384277e+01 -4.139051944017410278e+01 -2.853402793407440186e+00
1.613057628273963928e+01 1.971699587069451809e+01 3.256448373198509216e+01
6.933249875903129578e+01 -1.084850260987877846e+01 -3.048381201922893524e+01
-2.204043567180633545e+00 1.237783045507967472e+01 1.867886632680892944e-01
-1.725514277815818787e+01 -3.767037357203662395e+01 -3.884698934853076935e+01
7.434544563293457031e+01 3.899105237796902657e+01 9.172549024224281311e+00
1.138686239719390869e+00 -2.039963793940842152e+01 -6.526658385992050171e+00
-6.795461848378181458e+01 -1.482717059552669525e+00 3.686516582965850830e+01
-5.393927767872810364e+01 -1.020442736335098743e+01 1.245034135878086090e+01
3.696738153696060181e+01 1.152501497417688370e+01 -2.211183078587055206e+01
4.751056671142578125e+01 -4.786558414809405804e+01 2.483706712722778320e+01
-2.088872775435447693e+01 2.598332034423947334e+01 -1.451151058077812195e+01
-2.605624839663505554e+01 -4.535947464406490326e+01 5.941841676831245422e+00
4.302965581417083740e+01 2.418006761930882931e+01 -3.565290607511997223e+01
3.248398393392562866e+01 -7.082793135195970535e+00 3.865033060312271118e+01
-5.910432115197181702e+01 7.700523966923356056e+00 -8.353324085474014282e+00
-6.275039926171302795e+01 -1.657508255913853645e+01 -2.269002653658390045e+01
5.661025941371917725e+00 -4.604243999347090721e+00 1.298703022301197052e+01
7.886538922786712646e+01 -3.586718522012233734e+01 -1.006650999188423157e+01
-1.204851791262626648e+01 3.648483558557927608e+01 2.035544842481613159e+01
-7.095649540424346924e+00 -1.467297215946018696e+01 -1.936202406883239746e+01
6.387253865599632263e+01 1.549944322556257248e+01 2.902349665760993958e+01
1.067310288548469543e+01 -4.319379362277686596e+01 -2.667057953774929047e+01
-7.780245006084442139e+01 2.222312683239579201e+01 1.634503953158855438e+01
-4.409259021282196045e+01 -3.088900419883430004e+01 3.200864449143409729e+01
2.743166878819465637e+01 3.171539479866623878e+01 -2.334182858467102051e+00
5.798217877745628357e+01 -2.697776158340275288e+01 4.610195681452751160e+00
-3.104936391115188599e+01 6.007175259292125702e+00 -3.494872473180294037e+01
-3.131592020392417908e+01 -1.170199660584330559e+01 1.884007751941680908e+00
5.965654253959655762e+01 1.288114597089588642e+01 -3.220971956849098206e+01
2.520220786333084106e+01 -4.022253911942243576e+01 3.458338864147663116e+01
-4.326784923672676086e+01 1.960506561212241650e+01 -4.921744242310523987e+00
-7.987598255276679993e+01 -2.791794281452894211e+01 -2.925692036747932434e+01
1.165376693010330200e+01 2.909718337468802929e+01 1.891856282949447632e+01
6.344941020011901855e+01 -2.400659291073679924e+01 -1.662423945963382721e+01
-5.577862113714218140e+00 3.389028208330273628e+00 2.629852958023548126e+01
-1.059024184942245483e+01 -4.802145971916615963e+01 -1.279503427445888519e+01
7.849993273615837097e+01 2.719524597749114037e+01 2.309190742671489716e+01
6.699375063180923462e+00 -9.745057160034775734e+00 -2.011279344558715820e+01
-6.488343954086303711e+01 1.071546629071235657e+01 1.040186241269111633e+01
-5.822251081466674805e+01 -1.923715346492826939e+01 3.606638364493846893e+01
3.019441023468971252e+01 -1.589151471853256226e+00 -5.777311548590660095e+00
4.464389368891716003e+01 -3.852936341427266598e+01 8.677079826593399048e+00
-2.626573890447616577e+01 3.949986374005675316e+01 -3.838020980358123779e+01
-2.178424984216690063e+01 -3.470469806343317032e+01 2.241857312619686127e+01
4.981084808707237244e+01 3.637839849106967449e+01 -1.208019904792308807e+01
3.535895422101020813e+01 -1.743406971916556358e+01 1.470777913928031921e+01
-5.373862087726593018e+01 -4.095435319468379021e+00 -2.438208609819412231e+01
-6.940650761127471924e+01 -7.238666024059057236e+00 -8.795692846179008484e+00
1.495877057313919067e+00 8.912446917966008186e+00 3.912138305604457855e+01
7.329396232962608337e+01 -4.490010175853967667e+01 -3.641689866781234741e+01
-1.511082798242568970e+01 2.337051625363528728e+01 6.755275577306747437e+00
-1.174096763134002686e-01 -2.651289821602404118e+01 -3.290479525923728943e+01
6.834051668643951416e+01 5.192133411765098572e+00 2.615706324577331543e+00
1.654728382825851440e+01 -3.103938660584390163e+01 -5.936283618211746216e-01
-7.441793099045753479e+01 3.292182726785540581e+01 3.029677487909793854e+01
-4.868687286972999573e+01 -4.404729030095040798e+01 1.588347554206848145e+01
2.034779995679855347e+01 2.272644503042101860e+01 -2.618032738566398621e+01
5.480460703372955322e+01 -1.350499452091753483e+01 2.827930964529514313e+01
-3.673742577433586121e+01 1.538751564919948578e+01 -1.856840021908283234e+01
-3.785792559385299683e+01 -3.892444576136767864e+01 -2.167391419410705566e+01
5.123728677630424500e+01 1.809823201969265938e+01 1.134532883763313293e+01
2.428535476326942444e+01 -1.321706843562424183e+01 -1.436349116265773773e+01
-4.731225848197937012e+01 1.418747756630182266e+01 2.402801863849163055e+01
-7.079262614250183105e+01 -2.270918619818985462e+01 9.613498598337173462e+00
1.760979667305946350e+01 1.882881261408329010e+00 -3.994896948337554932e+01
6.690792009234428406e+01 -2.943232799880206585e+01 3.701015286147594452e+01
-3.996984660625457764e+00 3.040282832458615303e+01 -7.338739857077598572e+00
-1.904381141066551208e+01 -8.230650518089532852e+00 3.364939220249652863e+01
7.191415309906005859e+01 9.409799883142113686e+00 -3.350562229752540588e+00
2.620958387851715088e+00 -4.931888788938522339e+01 9.378162026405334473e-01
-6.584437087178230286e+01 2.870141438208520412e+01 -3.065071359276771545e+01
-5.230083182454109192e+01 -3.701427012681961060e+01 -1.506554104387760162e+01
3.923395544290542603e+01 3.819351068697869778e+01 2.535264082252979279e+01
4.619072437286376953e+01 -2.053526828065514565e+01 -2.768604114651679993e+01
-2.285134658217430115e+01 -8.229642175137996674e-02 1.798487395048141479e+01
-2.770339176058769226e+01 -1.873490949161350727e+01 -1.525190547108650208e+00
4.076933801174163818e+01 -2.585855312645435333e+00 3.186064459383487701e+01
3.381496518850326538e+01 -3.319237264804542065e+01 -3.384365543723106384e+01
-5.715528264641761780e+01 3.507481331005692482e+01 4.172258973121643066e+00
-6.095089688897132874e+01 -4.620025488547980785e+01 2.983555950224399567e+01
8.079043328762054443e+00 2.487940961495041847e+01 -1.950695283710956573e+01
7.737472474575042725e+01 -5.727027254179120064e+00 1.744703769683837891e+01
-1.415281459689140320e+01 7.609548382461071014e+00 -2.711158677935600281e+01
-9.202997982501983643e+00 -3.255104683339595795e+01 1.315398976206779480e+01
6.238736733794212341e+01 3.422474726103246212e+01 -2.344107300043106079e+01
1.308684781193733215e+01 -2.521272363141179085e+01 2.085255049169063568e+01
-7.599623382091522217e+01 3.683218592777848244e+00 -1.115140013396739960e+01
-4.214782416820526123e+01 -1.501734139397740364e+01 -3.548779696226119995e+01
2.876936390995979309e+01 1.669112228788435459e+01 5.188945382833480835e+00
5.571880921721458435e+01 -4.274642907083034515e+01 -7.854372188448905945e+00
-3.269101411104202271e+01 2.121684356592595577e+01 3.756729088723659515e+01
-3.287260577082633972e+01 -4.286903125233948231e+01 1.140901982784271240e+01
5.621291458606719971e+01 2.118588391691446304e+01 -2.174693211913108826e+01
2.926099509000778198e+01 -1.505124862305819988e+01 2.380807735025882721e+01
-4.232693091034889221e+01 1.657097415998578072e+01 -1.413422293961048126e+01
-7.581708326935768127e+01 -2.524649138562381268e+01 -3.971970126032829285e+01
1.259518355131149292e+01 3.563252855092287064e+00 9.393557310104370117e+00
6.189329445362091064e+01 -3.267378848977386951e+01 -7.411757782101631165e+00
-9.021449536085128784e+00 3.419360522180795670e+01 3.707384385168552399e+01
-1.402921587228775024e+01 -6.043835282325744629e+00 -3.267311379313468933e+00
7.693859323859214783e+01 7.376793241128325462e+00 3.355685256421566010e+01
7.645405083894729614e+00 -4.642997661605477333e+01 -3.089021474123001099e+01
-6.082976400852203369e+01 2.456006170250475407e+01 1.186606138944625854e+00
-5.727644026279449463e+01 -3.342223385348916054e+01 2.560143075883388519e+01
3.424865558743476868e+01 3.475528300739824772e+01 -1.530504219233989716e+01
4.120541796088218689e+01 -1.905157804489135742e+01 1.789233431220054626e+01
-2.782696634531021118e+01 -2.818428063765168190e+00 -2.760279029607772827e+01
-2.271799653768539429e+01 -2.076684358529746532e+01 3.163138620555400848e+01
4.574488922953605652e+01 -4.001126252114772797e-01 -1.305220946669578552e+00
3.879052773118019104e+01 -3.733471204526722431e+01 4.245267659425735474e+00
-5.216988086700439453e+01 3.796471130102872849e+01 -3.390737533569335938e+01
-6.597527980804443359e+01 -4.963946928270161152e+01 -1.957067273557186127e+01
3.064352422952651978e+00 2.847243260592222214e+01 2.990856818854808807e+01
7.236002251505851746e+01 -8.462086347863078117e+00 -2.689161717891693115e+01
-1.917720407247543335e+01 9.092166069895029068e+00 1.721777930855751038e+01
-4.188327640295028687e+00 -2.946438165381550789e+01 -2.368987217545509338e+01
6.741172909736633301e+01 3.028114848770201206e+01 1.339346200227737427e+01
1.811121731996536255e+01 -2.282815448939800262e+01 -1.105885066092014313e+01
-7.098155096173286438e+01 1.847965857014060020e+00 2.076932795345783234e+01
-4.712335661053657532e+01 -1.333589725196361542e+01 5.105722844600677490e+00
2.378398686647415161e+01 1.415274455212056637e+01 -3.539524748921394348e+01
5.073342442512512207e+01 -3.895663889124989510e+01 3.780676312744617462e+01
-3.766655907034873962e+01 1.797636979259550571e+01 -8.103171363472938538e+00
-3.629155665636062622e+01 -1.373461734503507614e+01 -3.245895773172378540e+01
5.467121466994285583e+01 1.506757530383765697e+01 2.123041599988937378e+00
2.021689131855964661e+01 -4.436419187113642693e+01 -4.828756377100944519e+00
-4.824347913265228271e+01 2.249427695758640766e+01 3.450060509145259857e+01
-7.486135900020599365e+01 -3.135647056624293327e+01 1.883577927947044373e+01
1.667823508381843567e+01 3.268951972015202045e+01 -2.916393250226974487e+01
6.847386702895164490e+01 -2.674233864992856979e+01 2.653756342828273773e+01
-5.632451176643371582e-01 4.872332541272044182e+00 -1.687347762286663055e+01
-1.561469003558158875e+01 -4.493410789407789707e+01 2.286217190325260162e+01
7.348532855510711670e+01 2.325096055865287781e+01 -1.257554121315479279e+01
1.684778630733489990e+00 -7.361174663528800011e+00 1.047534763813018799e+01
-6.990787521004676819e+01 8.880900200456380844e+00 -2.017603620886802673e+01
-5.323719993233680725e+01 -1.755639596842229366e+01 -5.840554311871528625e+00
3.517002910375595093e+01 -4.126842562109231949e+00 3.613986887037754059e+01
4.961950480937957764e+01 -3.473888658918440342e+01 -3.816071674227714539e+01
-2.128044053912162781e+01 3.625870332121849060e+01 8.447344303131103516e+00
-2.675981149077415466e+01 -3.864859690889716148e+01 -1.199742473661899567e+01
4.482544183731079102e+01 3.946536374278366566e+01 2.232555635273456573e+01
3.037356048822402954e+01 -1.926893655210733414e+01 -2.462111011147499084e+01
-5.871417477726936340e+01 -1.711252080276608467e+00 1.495704561471939087e+01
-6.439180806279182434e+01 -9.776657857000827789e+00 3.937064953148365021e+01
6.520268023014068604e+00 1.059350515715777874e+01 -9.034716859459877014e+00
7.831834077835083008e+01 -4.814087560400366783e+01 6.662258803844451904e+00
-1.009613618254661560e+01 2.716060650534927845e+01 -3.633412435650825500e+01
-5.141782462596893311e+00 -2.432676962576806545e+01 2.678958922624588013e+00
6.332583591341972351e+01 3.159813415259122849e+00 -3.297825217247009277e+01
1.153260961174964905e+01 -2.814978868700563908e+01 3.007727257907390594e+01
-7.944229245185852051e+01 2.877978794276714325e+01 -3.639217466115951538e-01
-4.370148777961730957e+01 -4.045456738211214542e+01 -2.595062077045440674e+01
2.532334104180335999e+01 1.928753070533275604e+01 1.566397324204444885e+01
5.978014156222343445e+01 -1.202199093066155910e+01 -1.864185713231563568e+01
-3.175205200910568237e+01 1.265207065269351006e+01 2.834256224334239960e+01
-3.092638060450553894e+01 -2.694352209568023682e+01 -1.605547800660133362e+01
5.754672825336456299e+01 6.126840924844145775e+00 2.576900035142898560e+01
2.699860781431198120e+01 -3.076664844527840614e+01 -2.868829049170017242e+01
-4.397202387452125549e+01 3.174675107933580875e+01 1.838882572948932648e+01
-7.792299166321754456e+01 -4.307123402133584023e+01 3.280334562063217163e+01
1.110611170530319214e+01 2.225464404560625553e+01 -3.102812319993972778e+00
6.430804073810577393e+01 -1.463893651962280273e+01 1.041764765977859497e-01
-7.218656986951828003e+00 1.561894795857369900e+01 -3.039065219461917877e+01
-1.223069578409194946e+01 -3.563770991750061512e+01 9.246168062090873718e+00
7.936005339026451111e+01 3.680458012968301773e+01 -3.891009889543056488e+01
6.153281480073928833e+00 -1.625794227235019207e+01 3.663529708981513977e+01
-6.293017923831939697e+01 -4.371971320360898972e+00 -6.307299137115478516e+00
-5.892458498477935791e+01 -6.765856696292757988e+00 -2.189247153699398041e+01
3.199176147580146790e+01 7.932635713368654251e+00 1.222047261893749237e+01
4.253495916724205017e+01 -4.512979549355804920e+01 -1.457462012767791748e+01
-2.587402731180191040e+01 2.449997309595346451e+01 2.491068616509437561e+01
-2.108068555593490601e+01 -4.754556031897664070e+01 -3.589179687201976776e+01
4.801505848765373230e+01 2.621234470047056675e+01 6.191241964697837830e+00
3.746937885880470276e+01 -9.972348138689994812e+00 -8.270683586597442627e+00
-5.412877082824707031e+01 1.184252037666738033e+01 3.855718061327934265e+01
-6.776510238647460938e+01 -2.016776256263256073e+01 1.289388023316860199e+01
6.366361677646636963e-01 -1.165372589603066444e+00 -2.260738603770732880e+01
7.384100720286369324e+01 -3.735014589503407478e+01 2.060484871268272400e+01
-1.706320852041244507e+01 3.922023766674101353e+01 -1.030540078878402710e+01
-2.071280330419540405e+00 -1.072903039865195751e+01 2.880416572093963623e+01
6.888722062110900879e+01 1.241243505850434303e+01 -1.913214549422264099e+01
1.568777352571487427e+01 -4.135888387449085712e+01 1.640812017023563385e+01
-7.277808740735054016e+01 1.983890067785978317e+01 -2.674420781433582306e+01
-4.907797411084175110e+01 -2.835096945054829121e+01 -2.407811135053634644e+00
2.245612412691116333e+01 3.003429364413022995e+01 3.207172513008117676e+01
5.300664544105529785e+01 -2.373694482259452343e+01 -3.471884615719318390e+01
-3.603474125266075134e+01 2.217042092233896255e+00 4.390864744782447815e+00
-3.996804267168045044e+01 -3.207847320474684238e+01 3.507386162877082825e+01
5.162773951888084412e+01 3.324534341692924500e+01 -5.363556146621704102e+00
2.358209803700447083e+01 -2.544218166731297970e+01 7.677415534853935242e+00
-4.551616609096527100e+01 4.812268074601888657e+00 -3.797365389764308929e+01
-7.133997857570648193e+01 -1.595007463358342648e+01 -1.363847792148590088e+01
1.956187441945075989e+01 1.711685365065932274e+01 2.334224119782447815e+01
6.526620730757713318e+01 -4.157058023847639561e+01 -2.094903610646724701e+01
-3.138046562671661377e+00 2.094075784087181091e+01 1.065933994948863983e+01
-1.818399831652641296e+01 -1.775861751288175583e+01 -2.962197221815586090e+01
7.027461707592010498e+01 -3.058063657954335213e+00 1.995973117649555206e+01
4.575131833553314209e+00 -3.432655034586787224e+01 -1.700137391686439514e+01
-6.639076724648475647e+01 3.530665297992527485e+01 2.732767254114151001e+01
-5.050317302346229553e+01 -4.663115737959742546e+01 1.663151457905769348e+00
3.853096336126327515e+01 2.581456740386784077e+01 -3.133685566484928131e+01
4.658152282238006592e+01 -5.454010479152202606e+00 3.437455862760543823e+01
-2.495997831225395203e+01 6.434021918103098869e+00 -4.036796838045120239e+00
-2.950009450316429138e+01 -8.663269793614745140e+00 1.547689177095890045e+01
4.147320508956909180e+01 1.034667445346713066e+01 -2.518063373863697052e+01
3.342512279748916626e+01 -4.904964716173708439e+01 2.786558210849761963e+01
-5.504577592015266418e+01 2.752966396510601044e+01 -1.757590755820274353e+01
-6.180922463536262512e+01 -3.604175419546663761e+01 -3.316230066120624542e+01
9.720145761966705322e+00 3.772507838904857635e+01 3.451978340744972229e+00
7.542203664779663086e+01 -2.167116275988519192e+01 -8.439342677593231201e-01
-1.360485181212425232e+01 1.512600295245647430e-01 3.114018917083740234e+01
-8.657211959362030029e+00 -3.985546221956610680e+01 -9.824806749820709229e+00
6.043380424380302429e+01 1.852224660106003284e+01 3.949848935008049011e+01
1.472699418663978577e+01 -1.203744355589151382e+01 -3.745809607207775116e+01
-7.685665726661682129e+01 1.390761579386889935e+01 7.120355591177940369e+00
-4.003858208656311035e+01 -2.223283652216196060e+01 2.153365477919578552e+01
2.837795510888099670e+01 8.997013699263334274e-01 -1.187139719724655151e+01
5.642119094729423523e+01 -2.966006925329566002e+01 1.383488617837429047e+01
-3.448806256055831909e+01 3.153016102500259876e+01 -2.416120164096355438e+01
-3.381985127925872803e+01 -7.500761514529585838e+00 2.017770804464817047e+01
5.716016486287117004e+01 8.645567875355482101e+00 -1.047458060085773468e+01
2.770827636122703552e+01 -4.445810631848871708e+01 1.257356286048889160e+01
-4.077421694993972778e+01 2.380631126463413239e+01 -2.286263272166252136e+01
-7.736983805894851685e+01 -3.496602074243128300e+01 -8.449334576725959778e+00
1.414793357253074646e+01 3.611091829836368561e+01 3.816026307642459869e+01
6.094601348042488098e+01 -1.699284709058701992e+01 -3.613818511366844177e+01
-8.074163794517517090e+00 -3.659039158374071121e+00 5.841314196586608887e+00
-1.310149207711219788e+01 -4.378656810149550438e+01 -3.450105756521224976e+01
7.601088374853134155e+01 2.299195078201591969e+01 4.826769679784774780e+00
9.217645525932312012e+00 -1.394836325198411942e+01 -2.122285291552543640e+00
-6.240201875567436218e+01 1.495034734718501568e+01 3.246064029633998871e+01
-5.570416375994682312e+01 -2.625294882804155350e+01 1.687424585223197937e+01
3.267636477947235107e+01 5.458240313455462456e+00 -2.653588801622390747e+01
4.213317722082138062e+01 -3.148198252543807030e+01 2.916346810758113861e+01
-2.875471130013465881e+01 3.248405781574547291e+01 -1.883775882422924042e+01
-2.429024174809455872e+01 -2.765730627812445164e+01 3.658987581729888916e-01
4.731713920831680298e+01 2.936260312795639038e+01 -3.007681071758270264e+01
3.786280870437622070e+01 -2.444987564347684383e+01 3.297657899558544159e+01
-5.124216660857200623e+01 2.951945569366216660e+00 -2.679724916815757751e+00
-6.690303429961204529e+01 -1.144196121953427792e+01 -2.834424734115600586e+01
3.992102146148681641e+00 1.314733853563666344e+01 1.864109829068183899e+01
7.078774124383926392e+01 -4.066522070206701756e+01 -1.566198430955410004e+01
-1.760491803288459778e+01 1.916721016168594360e+01 2.595107547938823700e+01
-2.635604143142700195e+00 -1.949916329234838486e+01 -1.495780326426029205e+01
6.585901990532875061e+01 -1.855944516137242317e+00 2.461942858994007111e+01
1.905845806002616882e+01 -3.808745397254824638e+01 -2.232510522007942200e+01
-7.192880600690841675e+01 3.993557308800518513e+01 1.199941247701644897e+01
-4.617608040571212769e+01 -4.828286839649081230e+01 3.633458741009235382e+01
2.283669635653495789e+01 2.692768012173473835e+01 -6.660278216004371643e+00
5.228618398308753967e+01 -9.303748868405818939e+00 9.033947288990020752e+00
-3.921930432319641113e+01 1.115194845013320446e+01 -3.937232390046119690e+01
-3.536384001374244690e+01 -4.594024078920483589e+01 -1.188584491610527039e+00
5.374350279569625854e+01 2.514562346972525120e+01 3.088975392282009125e+01
2.178913414478302002e+01 -6.169687882065773010e+00 -3.355518072843551636e+01
-4.981572672724723816e+01 7.171671977266669273e+00 3.268078416585922241e+00
-7.328907534480094910e+01 -1.847429491579532623e+01 2.760447405278682709e+01
1.510594666004180908e+01 -2.320413598790764809e+00 -1.789157442748546600e+01
6.940162390470504761e+01 -3.363563375547528267e+01 1.530305191874504089e+01
-1.490997225046157837e+00 3.463770904578268528e+01 -2.560188442468643188e+01
-1.656192839145660400e+01 -1.527872878126800060e+01 1.413497924804687500e+01
7.443258121609687805e+01 1.642353514209389687e+01 -2.380639478564262390e+01
1.320575177669525146e-01 -4.230514173395931721e+01 2.174647964537143707e+01
-6.835516840219497681e+01 2.165334668010473251e+01 -1.141100652515888214e+01
-5.478996187448501587e+01 -3.281303470022976398e+01 -3.707430824637413025e+01
3.672277674078941345e+01 3.395793225616216660e+01 7.409778237342834473e+00
4.867222622036933899e+01 -2.477083581499755383e+01 -9.392789080739021301e+00
-2.033314764499664307e+01 4.118949566036462784e+00 3.972137667238712311e+01
-2.520709514617919922e+01 -2.297048792243003845e+01 -2.077100113034248352e+01
4.327273026108741760e+01 1.615380113944411278e+00 1.105808466672897339e+01
3.132080361247062683e+01 -2.899112666025757790e+01 -1.339148499071598053e+01
-5.966142266988754272e+01 3.083924577571451664e+01 2.369033403694629669e+01
-6.344452470541000366e+01 -3.918651962652802467e+01 8.105160295963287354e+00
5.572979897260665894e+00 1.783133135177195072e+01 -3.780630841851234436e+01
7.987109795212745667e+01 -1.277509495615959167e+01 3.539356239140033722e+01
-1.164888858795166016e+01 1.462329453788697720e+01 -5.106481686234474182e+00
-6.714020520448684692e+00 -3.675434169359505177e+01 3.390782646834850311e+01
6.489808827638626099e+01 3.845963854342699051e+01 -4.243279919028282166e+00
1.060488820075988770e+01 -2.097784291021525860e+01 1.304463297128677368e+00
-7.851458534598350525e+01 -5.200871638953685760e-01 -3.163306772708892822e+01
-4.462924942374229431e+01 -7.969949943944811821e+00 -1.721854887902736664e+01
2.625108838081359863e+01 9.675327260047197342e+00 2.688994280993938446e+01
5.820786267518997192e+01 -4.976223465986549854e+01 -2.990810513496398926e+01
-3.017975881695747375e+01 2.826422411948442459e+01 1.957265332341194153e+01
-3.249863564968109131e+01 -3.409362262114882469e+01 -2.732843972742557526e+01
5.911896899342536926e+01 3.544864443130791187e+01 1.699970193207263947e+01
2.607089862227439880e+01 -1.831705946475267410e+01 -1.995927050709724426e+01
-4.304430037736892700e+01 -3.530973987653851509e+00 2.962395042181015015e+01
-7.885073691606521606e+01 -5.309316702187061310e+00 4.037250354886054993e+00
1.203387126326560974e+01 6.664247317239642143e+00 -3.437256850302219391e+01
6.273575022816658020e+01 -4.710136538371443748e+01 3.133609563112258911e+01
-5.646380782127380371e+00 2.525342312641441822e+01 -1.664835363626480103e+00
-1.067798152565956116e+01 -2.593745089136064053e+01 3.797564044594764709e+01
7.780733436346054077e+01 4.232239704579114914e+00 -7.676963210105895996e+00
7.100531458854675293e+00 -3.195815400220453739e+01 5.361873432993888855e+00
-6.387742444872856140e+01 3.345599807798862457e+01 -3.507461808621883392e+01
-5.797729894518852234e+01 -4.215339676477015018e+01 -1.066101551055908203e+01
3.104448020458221436e+01 2.044827677309513092e+01 2.094826772809028625e+01
4.408770889043807983e+01 -1.574220812879502773e+01 -2.334026180207729340e+01
-2.742678180336952209e+01 1.723996100947260857e+01 1.363894216716289520e+01
-2.202794030308723450e+01 -1.262335266917943954e+01 -7.120817601680755615e+00
4.896229892969131470e+01 1.341822731308639050e+01 3.745611891150474548e+01
3.591666936874389648e+01 -3.965000165626406670e+01 -3.949772350490093231e+01
-5.257604703307151794e+01 1.864775990135967731e+01 9.826479777693748474e+00
-6.931784734129905701e+01 -3.015774441882967949e+01 2.416196033358573914e+01
2.189395427703857422e+00 3.095253859646618366e+01 -1.383320122957229614e+01
7.289371639490127563e+01 -2.211560990661382675e+01 1.187094233930110931e+01
-1.611593201756477356e+01 1.113448617979884148e+00 -2.153564386069774628e+01
-1.143566370010375977e+00 -4.890186079777777195e+01 1.757758893072605133e+01
6.795950189232826233e+01 2.775679677724838257e+01 -2.786482460796833038e+01
1.726002380251884460e+01 -9.131071856245398521e+00 2.517864584922790527e+01
-7.435033291578292847e+01 9.783124234527349472e+00 -1.547734305262565613e+01
-4.750568836927413940e+01 -2.143582909367978573e+01 -3.114216990768909454e+01
2.088384315371513367e+01 2.908455394208431244e-01 8.434710651636123657e-01
5.393439546227455139e+01 -3.659710356034338474e+01 -3.450304120779037476e+00
-3.696249604225158691e+01 3.724907547235488892e+01 3.316307008266448975e+01
-3.841533556580543518e+01 -1.684110480360686779e+01 6.307759806513786316e+00
5.007501810789108276e+01 -4.864106383174657822e+00 -3.663331888616085052e+01
2.452935039997100830e+01 -3.542950277216732502e+01 3.890933170914649963e+01
-4.646340414881706238e+01 3.692734684795141220e+01 -9.247840046882629395e+00
-7.039268538355827332e+01 -4.562472407706081867e+01 -2.491144619882106781e+01
1.861459553241729736e+01 2.391960408538579941e+01 1.457293622195720673e+01
6.681895464658737183e+01 -6.645883498713374138e+00 -1.222001910209655762e+01
-4.690808206796646118e+00 8.143636379390954971e+00 2.189446166157722473e+01
-1.975624620914459229e+01 -3.062160866335034370e+01 -1.839050844311714172e+01
7.184686020016670227e+01 3.197663047350943089e+01 2.868753403425216675e+01
3.647420257329940796e+00 -2.741407074034214020e+01 -2.576701380312442780e+01
-6.546305090188980103e+01 5.566037287935614586e+00 1.605593033134937286e+01
-5.143092542886734009e+01 -1.440634943544864655e+01 3.039263159036636353e+01
3.945872053503990173e+01 1.576128005050122738e+01 -1.037122309207916260e-01
4.500923469662666321e+01 -4.362932996824383736e+01 3.101136758923530579e+00
-2.338769495487213135e+01 2.178138771094381809e+01 -3.280411399900913239e+01
-2.857238769531250000e+01 -4.112320956774055958e+01 2.674497365951538086e+01
4.054548397660255432e+01 1.997814554721117020e+01 -1.640644714236259460e+01
3.499737545847892761e+01 -1.128472576849162579e+01 1.913168348371982574e+01
-5.661801427602767944e+01 1.193677814677357674e+01 -2.880614288151264191e+01
-6.023693174123764038e+01 -2.358950446359813213e+01 -4.391319602727890015e+00
8.147867172956466675e+00 2.444520909339189529e+00 3.471685707569122314e+01
7.634978428483009338e+01 -2.881843087263405323e+01 -3.207096643745899200e+01
-1.453261375427246094e+01 2.947040278464555740e+01 2.409496083855628967e+00
-9.604459553956985474e+00 -1.047036394476890564e+01 -3.855916850268840790e+01
6.138104707002639771e+01 1.126523858867585659e+01 8.270232304930686951e+00
1.317428231239318848e+01 -4.742798769846558571e+01 -6.189560592174530029e+00
-7.530394062399864197e+01 2.642574594356119633e+01 3.589255437254905701e+01
-4.159133419394493103e+01 -3.793570900335907936e+01 1.030707500874996185e+01
2.993071198463439941e+01 3.873050318099558353e+01 -2.060407929122447968e+01
5.547390252351760864e+01 -1.996264263987541199e+01 2.260540530085563660e+01
-3.354077890515327454e+01 -1.039518648758530617e+00 -1.289434343576431274e+01
