3.795374794000849761e-02
6.504173195401108387e-02
1.658827832798692725e-02
3.200087499499204569e-02
4.200189645999330423e-02
4.485349358699863842e-02
5.486649456199188535e-02
1.843987701599303364e-02
3.034356562400830626e-02
3.163722191399642725e-02
1.490986550899719987e-02
1.277890944219848279e-01
5.064141395499177634e-02
3.893063299400978394e-02
2.095062991500640237e-02
1.323788694398331245e-02
9.405805287997281994e-03
8.220583798100733475e-02
4.498143353799832767e-02
3.178473378500257240e-02
4.772412579100659968e-02
3.301417375598703075e-02
4.064097489100504390e-02
2.395184595800969873e-02
3.400894025799061637e-02
5.765324240300628844e-02
2.312725959799877273e-02
4.510974315499538534e-02
3.806112218998691787e-02
4.322120647003657723e-03
3.211642702100903080e-02
1.150448702530013634e-01
1.917580336299806731e-02
5.941128338400858411e-02
3.631165706300976126e-02
5.679282599399471110e-02
6.375447979499426765e-02
2.720996657700425203e-02
3.067830263398718671e-02
2.627131992500153501e-02
2.048955505699723290e-02
7.078564898000649919e-02
2.192780682500483636e-02
4.105298642900834238e-02
4.098433837899051468e-02
1.081190810000975944e-02
3.545077242898742043e-02
5.703128595200723794e-02
3.888819131199738877e-02
3.445166367100682692e-02
1.480733476699924722e-02
5.887302056999033084e-02
4.137363287000539458e-02
3.648370631700004196e-02
5.683019969799829596e-02
3.062673481298361366e-02
3.640359218800881536e-02
2.278632370999389423e-02
3.434704876099203830e-02
1.271462889559984433e-01
3.439844709700423664e-02
6.427285202198618208e-02
3.121018633601124748e-02
9.633744697993051886e-03
1.934309168700565351e-02
2.482588135899277404e-02
3.995526919899816676e-02
5.571481971298908320e-02
6.151487668699928690e-02
1.305533680639996419e-01
5.172119309298750522e-02
2.478650509004864944e-03
3.440140177099237917e-02
3.570570474900591762e-02
3.766287384991073850e-03
7.699304122900230141e-02
3.831310019998568350e-02
3.255783905498788044e-02
3.176780726900574336e-02
4.511787988698756635e-02
2.197167420499113177e-02
9.526030519398887009e-02
3.064720899098460904e-02
2.062682887500955076e-02
4.577485489301125199e-02
1.709389053200993658e-02
5.475069868799664619e-02
5.358182140599865306e-02
8.901801582993584816e-03
3.775817837899353435e-02
2.579805946399460481e-02
8.218145459900938476e-02
5.280638979300533720e-02
1.958226792200434829e-02
1.785155292898821244e-02
5.685571675201117614e-02
4.910023593899381922e-02
8.293059208401132310e-02
2.755099808999261768e-02
1.676578067500145153e-02
4.867394051700557611e-02
8.653695437004671476e-03
4.556624320599667044e-02
9.846049464698580778e-02
7.374697667984264626e-03
4.328203409698971882e-02
3.058550624399458684e-02
4.763916127998868433e-02
4.748099489998480749e-02
2.893136077699409725e-02
2.284163007098527487e-02
4.894619194899973991e-02
2.519423929498998405e-02
1.589377438500605422e-02
2.290274657599411512e-02
7.458447060901107761e-02
5.805123831999026152e-02
8.039860377300556138e-02
5.813337672600482620e-02
8.646187717005204831e-03
3.076103222400661252e-02
3.973812161899559214e-02
6.703752946009444713e-03
6.355472556799668382e-02
2.056289523400778307e-02
3.844507078298420311e-02
4.832633481299808409e-02
3.690722365200826971e-02
2.216233519598631574e-02
3.978340552600911906e-02
2.675529224899264591e-02
5.233596297699705246e-02
5.731053577500233587e-02
8.306157418985549157e-03
2.305715746598480109e-02
5.165192667800511117e-02
2.388551121600812621e-02
1.179762065480076672e-01
3.487073673400686857e-02
2.799495544698515914e-02
3.423137268399045752e-02
1.565844813799799340e-02
4.340637496798649408e-02
5.249971303700817771e-02
4.528522509798449391e-02
2.662287242398519993e-02
1.012144681098448018e-02
5.932054858399737896e-02
3.839088165400994512e-02
1.203629961099750290e-02
4.707745596400059185e-02
4.574944851998452577e-02
1.872282544198355936e-02
3.580109938499731470e-02
3.113840487600327833e-02
8.050987667499498457e-02
3.323548620798533193e-02
1.047207033579979907e-01
3.853091452498347280e-02
1.093782694800893296e-02
3.953206011200904868e-02
3.261668598099731753e-02
1.285135850901042431e-02
5.234445405500309789e-02
4.107781299998691793e-02
2.266234800299571361e-02
5.145471415499969225e-02
1.753852977000747160e-02
2.202833300398765459e-02
3.594168310800682775e-02
2.621471245399220606e-02
1.317689760560085688e-01
5.780636794500537690e-02
8.232083779199683704e-02
3.638641602100278760e-02
6.038113374984277471e-03
1.275730200299562966e-02
3.816520407900725331e-02
3.884924734998662643e-02
4.958143890300448220e-02
5.097433841200427196e-02
3.230183123599772443e-02
3.811390297599359656e-02
3.217998434598712265e-02
3.082599637099292522e-02
8.835187816600864608e-02
3.882652983699586002e-02
5.176209728199410165e-02
3.284010765199241177e-02
1.155331453799135488e-02
3.373257105400284672e-02
6.054019859098502820e-02
3.552707430000623390e-02
4.752481341299130690e-02
1.642448275700303384e-02
2.109138228800588877e-02
5.630894756700399739e-02
2.669528474996241130e-03
3.438493727398395094e-02
1.212743111850045352e-01
2.505368047991396452e-03
6.108504152999216785e-02
4.042532468099580001e-02
4.850464316101010809e-02
4.994063126400760666e-02
6.015826402799007155e-02
2.104321949099130507e-02
2.288585195199743794e-02
2.968018684899220716e-02
1.455599689998621216e-02
2.513145637701086343e-02
1.225446770889959680e-01
6.944698415199468400e-02
5.193941800399670683e-02
4.791381960299645471e-02
1.745631429099603338e-02
2.128930601799083888e-02
4.525737200100365953e-02
1.569509779298527974e-02
5.377106125399677694e-02
2.064450566200548565e-02
7.122345128598794872e-02
5.012113443999055562e-02
2.270984369400252945e-02
3.633789654398356106e-02
1.822150428000668398e-02
2.626645346600753328e-02
6.897473252701047386e-02
4.975711811300698173e-02
6.383263486500823092e-02
4.374457879498550028e-02
1.181133161199454662e-02
4.240347781299647067e-02
4.190592020100325499e-02
5.216650736997507920e-03
4.827785952798535618e-02
2.771937022299653108e-02
5.295796887401138520e-02
4.318002557900513239e-02
4.435502414500547275e-02
2.673797250000120584e-02
6.836359797298996455e-02
2.130029487099704966e-02
2.594345316200019624e-02
5.415953438199494485e-02
3.213630348994911401e-03
5.890595559600342312e-02
1.044568648250105980e-01
1.178908228899899768e-02
4.710931827401054761e-02
3.026582855400761218e-02
7.291231586899016293e-02
4.539004354199960289e-02
2.980780250200609771e-02
2.556744172798630643e-02
4.404299273500100753e-02
1.198345008199908079e-02
6.808652928199876442e-02
3.889370109200740444e-02
2.262799577698615394e-02
6.557271100700745592e-02
4.542149803899064864e-02
3.517159476700726373e-02
2.962082689398926050e-02
3.637629719401047623e-02
5.347507420898978125e-02
1.483513541299430472e-02
3.135091759898500641e-02
4.909126310499800638e-02
8.756154025007845121e-03
2.651104389698843988e-02
1.284895373750032377e-01
3.174762820600562918e-02
5.140821203099221748e-02
1.793033154200429635e-02
3.121956894401023419e-02
3.209818863800251165e-02
5.482617064700434639e-02
6.358862729598513397e-02
2.716248366201057252e-02
2.377225126900839314e-02
2.430213779700807208e-02
1.619417628398878151e-02
1.163823758830062616e-01
4.322152856698835421e-02
4.683278054798734047e-02
3.066979202398556481e-02
2.392853047800258537e-02
4.347764220599970031e-02
3.276146841400873200e-02
8.504649493005445038e-03
4.020103964600707513e-02
5.023981092500662271e-02
5.190728400299349232e-02
5.508945046798885414e-02
3.145951935499624597e-02
2.651210161300809887e-02
2.894378472601033536e-02
3.181227820800813788e-02
9.688275361199316649e-02
4.280812488099172697e-02
8.139179180599853680e-02
3.011448360999224860e-02
9.342556021010750555e-03
1.215070594199119114e-02
4.350750468799446935e-02
3.598416592600983677e-02
6.715233785598684335e-02
7.048141021400056161e-02
3.374529354999822317e-02
4.141858129099773578e-02
3.949957948299243071e-02
1.544457625098516473e-02
5.327515689100437157e-02
1.910731002098486897e-02
4.910967154000900337e-02
4.379183331400327006e-02
9.161979851995738500e-03
4.200084533499648387e-02
7.652736699398587916e-02
2.425589855099019587e-02
1.122372438360059732e-01
3.336608230699766864e-02
1.463930354998410621e-02
5.300855940600968097e-02
1.088758528598532394e-02
4.796939376601017102e-02
4.068642959799717573e-02
1.129841045300850055e-02
4.883973636398764029e-02
2.923073351598759473e-02
8.909483867898870812e-02
5.489653263700233765e-02
1.806133121800712615e-02
1.142150617999959650e-02
4.199365519400544144e-02
2.251530470201146272e-02
2.580332678400054647e-02
4.069807039400075155e-02
7.001871727200636997e-02
5.760457816199959780e-02
1.112957068829985019e-01
5.116995707598448462e-02
2.290018666002424652e-03
3.763211555599355052e-02
3.185705454200160602e-02
5.704573619993880129e-03
9.282072100199911802e-02
2.918029572299474239e-02
2.161239079399024376e-02
3.270413702898622432e-02
4.001808706200904453e-02
3.246110239700783495e-02
2.497594894700227997e-02
2.225873070599959647e-02
8.447439521998489909e-02
6.639576763899412981e-02
5.735207136700637420e-02
4.564560462100075711e-02
6.943809809996537297e-03
3.549153452098607886e-02
4.455430025601003763e-02
7.383440762993132012e-03
6.484170452299053977e-02
2.226123540000912726e-02
3.006845997799700854e-02
4.391478874200061000e-02
2.885253349299432557e-02
4.517907997998804603e-02
1.041276825679915419e-01
3.935961881700222875e-02
2.429434686098375096e-02
3.954722739200633441e-02
3.648093008990827002e-03
4.893575950498529892e-02
7.544947745299168673e-02
9.145765434993791132e-03
4.791909540199412731e-02
3.240483301499352820e-02
6.262571284099749391e-02
3.901114578599162996e-02
2.594757335199915360e-02
2.581506162198365928e-02
3.885106467899390736e-02
4.472656402199959302e-02
2.658808918698696289e-02
5.693404150008518627e-03
4.667427977298643782e-02
4.800409922700055176e-02
1.949523827099142181e-02
4.385696520699866596e-02
5.509381504899124593e-02
1.446620911499962858e-02
3.627073423399451713e-02
3.110926305700445482e-02
6.558070361498380407e-02
4.038306273599800988e-02
1.265027421040088029e-01
4.014077771000756911e-02
7.899136095005587777e-03
1.719167417999756253e-02
2.920098768498746722e-02
2.523425189099270938e-02
4.657504463600048439e-02
5.505367064600363847e-02
9.420578890001252148e-03
3.083212091200948635e-02
6.831264395000857803e-02
2.404859174299645019e-02
1.040813224090015865e-01
2.984733271600248372e-02
3.687658218299816326e-02
3.446859778898669902e-02
2.021770305998416006e-02
4.740704057800826376e-02
6.886147511599460813e-02
1.256949730500878104e-02
3.306085712600292936e-02
3.572102840200841456e-02
3.805852026300726720e-02
5.476793196598350733e-02
3.062497324899027262e-02
3.286756396099121957e-02
4.491539040398606630e-02
3.168980888798955675e-02
7.497144957599743975e-02
2.881291724401080501e-02
3.954848646000641565e-02
4.065992725298883670e-02
1.894476628498864557e-02
3.177863337700159718e-02
7.922722521900027459e-02
3.211918340900865587e-02
2.788763235699320830e-02
1.447486672000763974e-02
4.845262760400714797e-02
3.478793226599918853e-02
3.462727780998875460e-02
5.823909232299229188e-02
2.426405961799105171e-02
1.624435431298820731e-02
2.616731286798312794e-02
2.404467450799074868e-02
1.214985408929862842e-01
5.398444821298653551e-02
1.111448421260092800e-01
4.978609072898620980e-02
9.670877524001753045e-03
3.971763635499314660e-02
2.143340486600209260e-02
2.228498554299562784e-02
1.387298696699872380e-01
6.612913930800345952e-02
4.141687136601035490e-02
3.627111516499326171e-02
8.843749801997091708e-03
2.543646705200330871e-02
5.539811942099959197e-02
1.652550217698944834e-02
5.116709408298447670e-02
2.816411694800535770e-02
5.906864725500327040e-02
4.202216958100279953e-02
1.467155698199462677e-02
3.236551519501063012e-02
5.404332292098956714e-02
2.546782212999687545e-02
3.289119834801113029e-02
5.061773095800958799e-02
2.286037839951404749e-04
4.174901342500447754e-02
1.042704726469878551e-01
2.467599891986083094e-03
6.713210844898753749e-02
4.380037611900888805e-02
6.158846071099333130e-02
4.164557724300266273e-02
4.433846706999133858e-02
2.512644377398487450e-02
2.096532424198471745e-02
3.521028413899784937e-02
8.998227413900394822e-02
2.256924855998931889e-02
2.170537550099993496e-02
5.323610398198752591e-02
3.305243743994878969e-03
5.140820596099615614e-02
7.883263353099323467e-02
1.643448208000108934e-02
6.263193726999816136e-02
3.391752126998426320e-02
6.011425570400774632e-02
5.251714879298674532e-02
2.589650511200147776e-02
1.731420397999272609e-02
2.908182367798417545e-02
4.218583523700658588e-02
1.495876339899382401e-02
3.187471596498880899e-02
9.463408133700568214e-02
4.216367185100011739e-02
4.792855566600451311e-02
4.648322091099998943e-02
7.554608068005563837e-03
3.878444190098662148e-02
4.112177600899258323e-02
1.017536327398715912e-02
6.687522675599666400e-02
1.958250792799276496e-02
3.817763438999577374e-02
4.463402409299987994e-02
4.812532755400411588e-02
3.673638819000757394e-02
1.794411850698907074e-02
2.723128841299171654e-02
1.651184480849963165e-01
6.467784507998430854e-02
5.101087652099067782e-02
3.248229641900479692e-02
9.632039486007215601e-03
2.579497899000671168e-02
5.469662960598498103e-02
1.374579894900307409e-02
4.300020505999668785e-02
2.427745277398685175e-02
4.616435175699962201e-02
4.088109260999317485e-02
1.545071985998447417e-02
3.614815048800323893e-02
5.229151341998772295e-02
2.930320682500564544e-02
3.894988248001141073e-02
5.076603081099051451e-02
1.502265510993083808e-03
4.073502755900904049e-02
9.638588099798539588e-02
2.714386564008464120e-03
7.180153274001099817e-02
4.036594703399032369e-02
5.040216545998532638e-02
3.944417636398611648e-02
3.965667783899107235e-02
2.176939770700414556e-02
2.283087486898693896e-02
3.457849868701146079e-02
8.374657466100643433e-02
2.476072779799665113e-02
2.581174597099789025e-02
5.824512817699201150e-02
4.250689094988047145e-03
5.508917871799212662e-02
7.778247905400803575e-02
1.142759966100470592e-02
6.542826524199085725e-02
3.085118802300712559e-02
6.032671314798676576e-02
4.717919518100188725e-02
1.883591740698875583e-02
1.981678180999324468e-02
3.007440067000288764e-02
3.624170632301115802e-02
1.770531077798409569e-02
3.202047395799922924e-02
1.041359656570080006e-01
4.887901499898816837e-02
6.500251933499612278e-02
4.692168919899586399e-02
5.690031059998545970e-03
3.834710632298765631e-02
4.409642281200376601e-02
7.622654702998943321e-03
6.216406037799515616e-02
1.863975237500881121e-02
3.127867193799716006e-02
4.584157676200106835e-02
4.184913742199114495e-02
4.761119181398498768e-02
3.058175171500465694e-02
5.649208106007108654e-03
5.627208211200240839e-02
5.576553658499960875e-02
2.408258698400800313e-02
4.611448770600645730e-02
5.413457901300944286e-02
1.624138449199108436e-02
4.075592370199387915e-02
2.588555378798673701e-02
5.317802530498738633e-02
4.125729930399302248e-02
1.061459696709903255e-01
4.447175190298935377e-02
6.886397182000791872e-03
1.580328118299689777e-02
2.621369002099527279e-02
2.976018744899988633e-02
6.150702517899730992e-02
5.645089105598799506e-02
1.346467031598308495e-02
3.456911187799960317e-02
6.664511556999741515e-02
1.924533954300500227e-02
1.003837783299843522e-01
2.628528677300323579e-02
3.792038651599227705e-02
3.365181028999586488e-02
1.436993104098860385e-02
4.593095706499639164e-02
7.200538770499065322e-02
1.408937407600774350e-02
3.061208374001012089e-02
3.945922409801028152e-02
4.081548306700710782e-02
5.595086291600637196e-02
4.303654212500873655e-02
3.042770924199089677e-02
3.945285185599800570e-02
3.009630157799847439e-02
7.628934025800049312e-02
2.658643885399669671e-02
3.530277974999762591e-02
3.667806242700066832e-02
1.663515805299198291e-02
2.848352543799137493e-02
7.745900333898703138e-02
3.253689472700216356e-02
2.927854667498763774e-02
1.736702943298951141e-02
5.478300240798716914e-02
3.572871164200819294e-02
4.056950131300141038e-02
5.830593436098752136e-02
2.667957953400446058e-02
1.698869649899847900e-02
2.565184126899566763e-02
2.223816605300044102e-02
1.056552872769884743e-01
4.535312231999455435e-02
8.516517202698992151e-02
5.440487125699178250e-02
1.186136926799008506e-02
2.493706189798672312e-02
9.883254269399799341e-02
3.686552725798719621e-02
1.238436201899162370e-02
5.249361064798563348e-02
1.268803647198524231e-02
4.268557293499952721e-02
2.927939878500751547e-02
1.584140650101062420e-02
5.064388280700882206e-02
2.849027690899674781e-02
8.431464669200749995e-02
5.647841848900725381e-02
2.108834008700455342e-02
1.158256716701089317e-02
5.378195745799985161e-02
2.051058323999654931e-02
2.018650282400358265e-02
4.036145394800882968e-02
7.466220699799919203e-02
5.153665976200727528e-02
1.073903455379934258e-01
4.664566086100307984e-02
2.412567855998304367e-03
3.948500194400139662e-02
3.212694072399813194e-02
7.766822159993580499e-03
9.451447192398632069e-02
2.771874464798429472e-02
1.872327253198591279e-02
3.593677354399460455e-02
5.133337460600273516e-02
2.803594135798448406e-02
2.264859944600061681e-02
1.998474191100285680e-02
8.620703707899224355e-02
6.732161396499236616e-02
6.214352641498521734e-02
4.559820471800435371e-02
3.358831997985589624e-03
3.840438821299585470e-02
5.202034404800315315e-02
8.159164944004260178e-03
6.323189720100685918e-02
2.481119785500141006e-02
2.843195942298848422e-02
4.626029487499749848e-02
3.112430330099869025e-02
3.867022860399060846e-02
8.410147132499901090e-02
4.589846138500774941e-02
2.704533041799095372e-02
3.952840317998607134e-02
5.108425422008622263e-03
5.114808139700244283e-02
6.414120784600640945e-02
1.183986791698998786e-02
5.561611353698481253e-02
3.388535967698658169e-02
6.550249706199906541e-02
3.941325787599225805e-02
2.531524426200348898e-02
2.981263295200164976e-02
4.984191963100670364e-02
9.295598934983217987e-03
5.854683846800412539e-02
3.755315638500178466e-02
2.272701867798332387e-02
5.391330786500247996e-02
4.068497783498514764e-02
3.425265142598732382e-02
2.380454845999224744e-02
3.778423490399518414e-02
6.140872131999230987e-02
1.149409508400367486e-02
3.483877179499472732e-02
4.752479366200645927e-02
6.276398237986313688e-03
3.318025859800854960e-02
1.613558698639963040e-01
2.838662678098557990e-02
4.504418153300093763e-02
1.610975402599024164e-02
3.354664249300753909e-02
3.600851120700099273e-02
6.370238066500633067e-02
6.063105522900968936e-02
1.691029318200776288e-02
2.742708289298434465e-02
2.540330931799417158e-02
1.723184068200112051e-02
1.180127571180094037e-01
4.902093634800053223e-02
4.816459342700341040e-02
3.500398173798657808e-02
2.877730327298877455e-02
3.850873216600803062e-02
2.458051519698756238e-02
1.076523574198517963e-02
4.229312269100660160e-02
4.629281684998431956e-02
5.582403371698774208e-02
5.165473044098689570e-02
2.568035168499704923e-02
3.158792145799793616e-02
2.846557201399946280e-02
3.710980348398607020e-02
1.001068908929880763e-01
4.380695962200320537e-02
7.821238728300272669e-02
3.097157822398344251e-02
1.281989988200393782e-02
1.190090930998621843e-02
3.757403148500770840e-02
3.573787902598724031e-02
5.696369611399632049e-02
5.624804039399577960e-02
3.479143271198381626e-02
3.859900858898868137e-02
2.985680972298609959e-02
2.049847186100350882e-02
6.692763162399728571e-02
1.794098594399429203e-02
4.368351852400564894e-02
3.887957056298319003e-02
1.113618075200406565e-02
4.247490700601019853e-02
9.020089706299927457e-02
3.884132535199569247e-02
4.372067719299366217e-02
2.006440359699013243e-02
2.666489310999509144e-02
5.677701186201034034e-02
4.075508037004738071e-03
3.681667608600491803e-02
1.260519083290034814e-01
2.246708012989984127e-03
6.338828587098532807e-02
3.815409186600504654e-02
4.052410496899483405e-02
4.550196727601019120e-02
4.483193414100128393e-02
2.091541439898492172e-02
2.597333192198902907e-02
2.762794324598871754e-02
1.187797522700861919e-02
2.926201260399352577e-02
1.382020814870088543e-01
6.256972638800561981e-02
7.280986251700483081e-02
4.356276802300840245e-02
1.526755808899338263e-02
2.179476978699312895e-02
4.458588351300818431e-02
1.257725239099727332e-02
4.534374685400166527e-02
1.908698828501087519e-02
6.164062982898599330e-02
4.723499351700866100e-02
1.985097275800740135e-02
3.266246812501094610e-02
1.974200634001022081e-02
3.191110871898672485e-02
8.692037562099130810e-02
6.051111539500197978e-02
7.961458160798429162e-02
4.381870697500289680e-02
1.025853871499293746e-02
3.672274539599129639e-02
4.044471498198731751e-02
3.763941305010121141e-03
4.756328652098318344e-02
2.605267643198772021e-02
4.341030647998422864e-02
4.552340024798695595e-02
4.237322576099700200e-02
3.136715169898707245e-02
7.163698888999192604e-02
2.200216687700162765e-02
2.873757308299218494e-02
5.861408364501130563e-02
5.762302980002687036e-03
6.159638050800708697e-02
9.802299353199828147e-02
1.083729614001072150e-02
5.248786883498723910e-02
2.599600590698969427e-02
6.636526133200959521e-02
4.366325006299121014e-02
2.224103324499537848e-02
2.872030380200385480e-02
4.288357737800652103e-02
2.276715325700706671e-02
3.884688120200507910e-02
2.879744124800254212e-02
5.986626131499406256e-02
5.899667075800607563e-02
1.192314185800569248e-02
2.633014289000357167e-02
4.809235970199665644e-02
2.332389626499775659e-02
1.247417838419835334e-01
3.252800070498551577e-02
2.843335275298386478e-02
3.430247370499728277e-02
1.214582727200763657e-02
3.973569944500354723e-02
5.271977325898546951e-02
4.400278231599941137e-02
2.606507486899545256e-02
1.132681102399146766e-02
7.829349337200142145e-02
4.148314180400802798e-02
1.523165617800259497e-02
5.075752359198304475e-02
5.040774046599949543e-02
2.154169723900167810e-02
3.860987951898664505e-02
2.950597121599685124e-02
7.471231924898802390e-02
3.164696538098610290e-02
8.375803862000452682e-02
4.159173669299320864e-02
9.096444264997671780e-03
4.002727415300455505e-02
3.467737621099331591e-02
1.467302116699897852e-02
6.068869480500893587e-02
4.329230184498555900e-02
3.276296756700958213e-02
4.871964731299271989e-02
1.570804753998800152e-02
2.393769931700262532e-02
3.575778472699653321e-02
2.226577438898402761e-02
1.095801342750064578e-01
5.415086556499204562e-02
7.158232623999083444e-02
4.267145156799756478e-02
5.408947673004149692e-03
1.256587838298628412e-02
3.443082115299489487e-02
4.335537397699340545e-02
5.617416896299687323e-02
5.101267549900967424e-02
3.490305476299226939e-02
3.784789236999586137e-02
3.143842294500132084e-02
2.735233981800888614e-02
8.884225797700651128e-02
3.646877291100736329e-02
4.749918929999807915e-02
2.641327481700272983e-02
8.866883136988690239e-03
3.263362417499138246e-02
7.010213413900601154e-02
1.799520916500796375e-02
2.221402724498489079e-02
3.416787630899875694e-02
5.177083851700103878e-02
6.034801164199166124e-02
1.339597288759932781e-01
4.740623784400099794e-02
1.597806011005786786e-03
3.891769391398725020e-02
3.651658400698920559e-02
4.132392077991653423e-03
7.159905685500689287e-02
3.691684294000197042e-02
3.036726546298496032e-02
3.434682984499204395e-02
5.550194794199114767e-02
1.789844223398517897e-02
7.529718240300553589e-02
3.380503279998947619e-02
1.790096119100326177e-02
4.640899687899491255e-02
1.836564406099228108e-02
5.031839996200915266e-02
4.340842290199020681e-02
1.075085241299689187e-02
3.819305541500739309e-02
2.869520072800924027e-02
9.087902054798746576e-02
5.249006936199407392e-02
2.041934807400025420e-02
1.859253627398516073e-02
7.393992004199390067e-02
4.369467504901081156e-02
7.091314223600875266e-02
3.343888235500003248e-02
1.794678044899455926e-02
5.413884281298919632e-02
1.053368482800465245e-02
4.375578704400595598e-02
7.396614129800127557e-02
1.005722925600593953e-02
5.102149297198366185e-02
3.140652780300001723e-02
4.927135734899934505e-02
4.819640377598943815e-02
3.312999665800475668e-02
2.400910240598363998e-02
5.853498180300675813e-02
2.016026310099050534e-02
1.411980964098802360e-02
2.102051171399921259e-02
8.075773768499061589e-02
5.549900221399184375e-02
7.737731148000648318e-02
5.780404799298821672e-02
6.788268860987045628e-03
3.306386707600950103e-02
4.495683594601018740e-02
8.355042338990870121e-03
6.411618849298861278e-02
2.090459251201082225e-02
3.322218700000689751e-02
5.388776502400105528e-02
4.838350117998402311e-02
3.376305008700342114e-02
5.389003800598857197e-02
1.670813421500838558e-02
3.473024425699122730e-02
4.485818641200012280e-02
4.586117447098558841e-02
5.442794105198345278e-02
1.539185734199577382e-02
3.353789245798566299e-02
3.328384641099546570e-02
1.749974484499716709e-02
1.313138658449872764e-01
5.285771096299640703e-02
3.386731330098768922e-02
2.514255172800972105e-02
2.013971661600066909e-02
7.322041999003658930e-03
7.110757306898563002e-02
4.342216787898678376e-02
3.095199715900776027e-02
5.002198942099767009e-02
3.441679012701115425e-02
3.790358553300166022e-02
1.600486813399015773e-02
3.790168359199697079e-02
6.961490635498535084e-02
1.853710362999549943e-02
4.765262796499314391e-02
3.694447630999775356e-02
2.598586073986552947e-03
3.534121414898550029e-02
1.254417499820021931e-01
1.615139872700410706e-02
4.859305461300778006e-02
3.861752043198407591e-02
5.770113151598366130e-02
5.966237447898947721e-02
2.491816091699661229e-02
2.827252806400792906e-02
1.958536909299368745e-02
2.282635562599466539e-02
7.915864444601083960e-02
2.172408876398890243e-02
3.717974547100766358e-02
3.763443212599781873e-02
1.301307727200651243e-02
3.810406366599750072e-02
7.111300634699091461e-02
3.784385317999294784e-02
2.802192839700978766e-02
1.713742744598789614e-02
5.452316986199434723e-02
3.617035722999162317e-02
4.146680686199033516e-02
5.312459213899956012e-02
2.323680609799794183e-02
3.841269193299012841e-02
2.411522972801094511e-02
3.487723476098381070e-02
1.178578261979907893e-01
3.758525647899091382e-02
6.499497569899403970e-02
3.121580316800987021e-02
1.185823396400564889e-02
