2.110041220136361223e-02
2.833986821494333119e-02
3.540379311478354663e-02
3.780921749010314470e-02
3.817669985386241971e-02
4.226426601773838887e-02
4.495528738830709137e-02
4.517811736588878135e-02
4.890252498748610954e-02
5.191021609841679763e-02
5.202767660586674059e-02
5.395979103125689291e-02
5.412561244750029033e-02
5.499388271603306705e-02
5.528201886420414102e-02
5.861027678815945718e-02
5.875155954364075228e-02
6.098103642692866144e-02
6.105535756519996082e-02
6.131245847140286143e-02
