2.110199768901032530e-02
2.834175428691144277e-02
3.540623962074053444e-02
3.781263114970383893e-02
3.818033318565717399e-02
4.226736754768382204e-02
4.495907415233212079e-02
4.518200871325114831e-02
4.890641015042358763e-02
5.191404836524128596e-02
5.203296137079053973e-02
5.396539374950728996e-02
5.413080489378956084e-02
5.500142846111086975e-02
5.528698540463583555e-02
5.861279869781342577e-02
5.875958541792798695e-02
6.098543500117289268e-02
6.106194130636653783e-02
6.131877246100403411e-02
