2.110041220136361223e-02
2.833986821494333466e-02
3.540379311478353275e-02
3.780921749010318633e-02
3.817669985386237114e-02
4.226426601773858316e-02
4.495528738830671667e-02
4.517811736588903115e-02
4.890252498748594995e-02
5.191021609841771356e-02
5.202767660586583853e-02
5.395979103125701781e-02
5.412561244749979072e-02
5.499388271603298378e-02
5.528201886420465450e-02
5.861027678815855513e-02
5.875155954364133515e-02
6.098103642692848797e-02
6.105535756519953755e-02
6.131245847140316674e-02
