2.110202195027696681e-02
2.834178202975091293e-02
3.540627374852329395e-02
3.781267915947940372e-02
3.818038779499000057e-02
4.226740893314325648e-02
4.495912713285579732e-02
4.518206497949183581e-02
4.890645992372041201e-02
5.191412103687031987e-02
5.203301398988140203e-02
5.396547455171850360e-02
5.413088051807257023e-02
5.500152479950774081e-02
5.528704562560544239e-02
5.861286981167723037e-02
5.875965539475362653e-02
6.098551218763582915e-02
6.106202951613251551e-02
6.131884650483417076e-02
