2.145998687794226090e-02
2.885858370631563113e-02
3.607636992503103490e-02
3.843672350230649404e-02
3.881039448036711914e-02
4.308529022145912712e-02
4.574279501452718083e-02
4.596574039031409153e-02
4.988011929489701013e-02
5.288545322200485788e-02
5.293847785539557843e-02
5.480971200230864981e-02
5.500836956829493335e-02
5.583729997619613084e-02
5.644287370519546904e-02
5.970245449883246347e-02
5.985319145506139138e-02
6.246270470634679439e-02
6.208182489130821546e-02
6.206912034028282815e-02
