2.110302317972950759e-02
2.834375660009331305e-02
3.540958217031874022e-02
3.781484389537241586e-02
3.818174711393247656e-02
4.227251871038271991e-02
4.496222045718061694e-02
4.518437741178224498e-02
4.891381025457481463e-02
5.191935956308547928e-02
5.203555488283009844e-02
5.397006944550979124e-02
5.413317933296044049e-02
5.500284764916649194e-02
5.529708078839663810e-02
5.862230883207134036e-02
5.876159587577285681e-02
6.099283837153750276e-02
6.106390530844663100e-02
6.133220370053535375e-02
