2.769669180244076212e-02
4.468315899718722228e-02
4.481540937488640020e-02
6.102107724018553114e-02
6.133989774901567327e-02
4.626476279301916517e-02
6.092174342791788211e-02
7.684734786914310112e-02
7.654816418571760983e-02
6.274945054057755323e-02
7.694833491835019468e-02
6.226611658781787406e-02
9.183245257877883927e-02
7.736305383914063305e-02
9.146322995399844280e-02
7.868738595971649930e-02
8.984265236517000042e-02
7.876313291419032026e-02
1.077575054782387437e-01
9.247638433864438512e-02
