2.110041220136361917e-02
2.833986821494332772e-02
3.540379311478346336e-02
3.780921749010321409e-02
3.817669985386233644e-02
4.226426601773836805e-02
4.495528738830701504e-02
4.517811736588880217e-02
4.890252498748635934e-02
5.191021609841840051e-02
5.202767660586508913e-02
5.395979103125631005e-02
5.412561244750037359e-02
5.499388271603326828e-02
5.528201886420452960e-02
5.861027678815985964e-02
5.875155954364044697e-02
6.098103642692923043e-02
6.105535756519835794e-02
6.131245847140368022e-02
