2.110041220136361223e-02
2.833986821494331731e-02
3.540379311478353275e-02
3.780921749010313776e-02
3.817669985386241971e-02
4.226426601773834724e-02
4.495528738830714688e-02
4.517811736588875360e-02
4.890252498748626914e-02
5.191021609841816459e-02
5.202767660586522791e-02
5.395979103125667087e-02
5.412561244750023481e-02
5.499388271603319195e-02
5.528201886420443245e-02
5.861027678815959596e-02
5.875155954364063432e-02
6.098103642692918880e-02
6.105535756520243107e-02
6.131245847139971811e-02
