2.110032006709124108e-02
2.833963023966935488e-02
3.540310853263693019e-02
3.780887688658228496e-02
3.817609766287857753e-02
4.226264530281600290e-02
4.495483337763317433e-02
4.517732788385599857e-02
4.889935828789367805e-02
5.190838815941232337e-02
5.202737654087851576e-02
5.396019230745722345e-02
5.412221209593121030e-02
5.499833177673002504e-02
5.527688752803507771e-02
5.860550843860238418e-02
5.875232463192878868e-02
6.097962036280030890e-02
6.105372802362276502e-02
6.130554761756031729e-02
