# 651
2.500000000000000000e+01
2.262500000000000000e+01
2.050000000000000000e+01
1.862500000000000000e+01
1.700000000000000000e+01
1.562500000000000000e+01
1.450000000000000000e+01
1.362500000000000000e+01
1.300000000000000000e+01
1.262500000000000000e+01
1.250000000000000000e+01
1.262500000000000000e+01
1.300000000000000000e+01
1.362500000000000000e+01
1.450000000000000000e+01
1.562500000000000000e+01
1.700000000000000000e+01
1.862500000000000000e+01
2.050000000000000000e+01
2.262500000000000000e+01
2.500000000000000000e+01
2.338888888888889284e+01
2.101388888888889284e+01
1.888888888888889284e+01
1.701388888888889284e+01
1.538888888888889106e+01
1.401388888888889106e+01
1.288888888888889106e+01
1.201388888888889106e+01
1.138888888888889106e+01
1.101388888888889106e+01
1.088888888888889106e+01
1.101388888888889106e+01
1.138888888888889106e+01
1.201388888888889106e+01
1.288888888888889106e+01
1.401388888888889106e+01
1.538888888888889106e+01
1.701388888888889284e+01
1.888888888888889284e+01
2.101388888888889284e+01
2.338888888888889284e+01
2.188888888888888573e+01
1.951388888888888573e+01
1.738888888888888573e+01
1.551388888888888751e+01
1.388888888888888751e+01
1.251388888888888751e+01
1.138888888888888751e+01
1.051388888888888751e+01
9.888888888888887507e+00
9.513888888888887507e+00
9.388888888888887507e+00
9.513888888888887507e+00
9.888888888888887507e+00
1.051388888888888751e+01
1.138888888888888751e+01
1.251388888888888751e+01
1.388888888888888751e+01
1.551388888888888751e+01
1.738888888888888573e+01
1.951388888888888573e+01
2.188888888888888573e+01
2.050000000000000000e+01
1.812500000000000000e+01
1.600000000000000000e+01
1.412500000000000000e+01
1.250000000000000000e+01
1.112500000000000000e+01
1.000000000000000000e+01
9.125000000000000000e+00
8.500000000000000000e+00
8.125000000000000000e+00
8.000000000000000000e+00
8.125000000000000000e+00
8.500000000000000000e+00
9.125000000000000000e+00
1.000000000000000000e+01
1.112500000000000000e+01
1.250000000000000000e+01
1.412500000000000000e+01
1.600000000000000000e+01
1.812500000000000000e+01
2.050000000000000000e+01
1.922222222222222143e+01
1.684722222222222143e+01
1.472222222222222321e+01
1.284722222222222321e+01
1.122222222222222321e+01
9.847222222222223209e+00
8.722222222222223209e+00
7.847222222222223209e+00
7.222222222222223209e+00
6.847222222222223209e+00
6.722222222222223209e+00
6.847222222222223209e+00
7.222222222222223209e+00
7.847222222222223209e+00
8.722222222222223209e+00
9.847222222222223209e+00
1.122222222222222321e+01
1.284722222222222321e+01
1.472222222222222321e+01
1.684722222222222143e+01
1.922222222222222143e+01
1.805555555555555713e+01
1.568055555555555713e+01
1.355555555555555713e+01
1.168055555555555713e+01
1.005555555555555713e+01
8.680555555555557135e+00
7.555555555555556246e+00
6.680555555555556246e+00
6.055555555555556246e+00
5.680555555555556246e+00
5.555555555555556246e+00
5.680555555555556246e+00
6.055555555555556246e+00
6.680555555555556246e+00
7.555555555555556246e+00
8.680555555555557135e+00
1.005555555555555713e+01
1.168055555555555713e+01
1.355555555555555713e+01
1.568055555555555713e+01
1.805555555555555713e+01
1.700000000000000000e+01
1.462500000000000000e+01
1.250000000000000000e+01
1.062500000000000000e+01
9.000000000000000000e+00
7.625000000000000000e+00
6.500000000000000000e+00
5.625000000000000000e+00
5.000000000000000000e+00
4.625000000000000000e+00
4.500000000000000000e+00
4.625000000000000000e+00
5.000000000000000000e+00
5.625000000000000000e+00
6.500000000000000000e+00
7.625000000000000000e+00
9.000000000000000000e+00
1.062500000000000000e+01
1.250000000000000000e+01
1.462500000000000000e+01
1.700000000000000000e+01
1.605555555555555713e+01
1.368055555555555713e+01
1.155555555555555713e+01
9.680555555555557135e+00
8.055555555555557135e+00
6.680555555555556246e+00
5.555555555555556246e+00
4.680555555555556246e+00
4.055555555555556246e+00
3.680555555555556246e+00
3.555555555555556246e+00
3.680555555555556246e+00
4.055555555555556246e+00
4.680555555555556246e+00
5.555555555555556246e+00
6.680555555555556246e+00
8.055555555555557135e+00
9.680555555555557135e+00
1.155555555555555713e+01
1.368055555555555713e+01
1.605555555555555713e+01
1.522222222222222321e+01
1.284722222222222321e+01
1.072222222222222321e+01
8.847222222222223209e+00
7.222222222222223209e+00
5.847222222222223209e+00
4.722222222222223209e+00
3.847222222222222765e+00
3.222222222222222765e+00
2.847222222222222765e+00
2.722222222222222765e+00
2.847222222222222765e+00
3.222222222222222765e+00
3.847222222222222765e+00
4.722222222222223209e+00
5.847222222222223209e+00
7.222222222222223209e+00
8.847222222222223209e+00
1.072222222222222321e+01
1.284722222222222321e+01
1.522222222222222321e+01
1.450000000000000000e+01
1.212500000000000000e+01
1.000000000000000000e+01
8.125000000000000000e+00
6.500000000000000000e+00
5.125000000000000000e+00
4.000000000000000000e+00
3.125000000000000000e+00
2.500000000000000000e+00
2.125000000000000000e+00
2.000000000000000000e+00
2.125000000000000000e+00
2.500000000000000000e+00
3.125000000000000000e+00
4.000000000000000000e+00
5.125000000000000000e+00
6.500000000000000000e+00
8.125000000000000000e+00
1.000000000000000000e+01
1.212500000000000000e+01
1.450000000000000000e+01
1.388888888888888928e+01
1.151388888888888928e+01
9.388888888888889284e+00
7.513888888888889284e+00
5.888888888888889284e+00
4.513888888888889284e+00
3.388888888888889284e+00
2.513888888888889284e+00
1.888888888888889284e+00
1.513888888888889284e+00
1.388888888888889284e+00
1.513888888888889284e+00
1.888888888888889284e+00
2.513888888888889284e+00
3.388888888888889284e+00
4.513888888888889284e+00
5.888888888888889284e+00
7.513888888888889284e+00
9.388888888888889284e+00
1.151388888888888928e+01
1.388888888888888928e+01
1.338888888888888928e+01
1.101388888888888928e+01
8.888888888888889284e+00
7.013888888888889284e+00
5.388888888888889284e+00
4.013888888888889284e+00
2.888888888888889284e+00
2.013888888888889284e+00
1.388888888888889062e+00
1.013888888888889062e+00
8.888888888888890616e-01
1.013888888888889062e+00
1.388888888888889062e+00
2.013888888888889284e+00
2.888888888888889284e+00
4.013888888888889284e+00
5.388888888888889284e+00
7.013888888888889284e+00
8.888888888888889284e+00
1.101388888888888928e+01
1.338888888888888928e+01
1.300000000000000000e+01
1.062500000000000000e+01
8.500000000000000000e+00
6.625000000000000000e+00
5.000000000000000000e+00
3.625000000000000000e+00
2.500000000000000000e+00
1.625000000000000000e+00
1.000000000000000000e+00
6.250000000000000000e-01
5.000000000000000000e-01
6.250000000000000000e-01
1.000000000000000000e+00
1.625000000000000000e+00
2.500000000000000000e+00
3.625000000000000000e+00
5.000000000000000000e+00
6.625000000000000000e+00
8.500000000000000000e+00
1.062500000000000000e+01
1.300000000000000000e+01
1.272222222222222321e+01
1.034722222222222321e+01
8.222222222222223209e+00
6.347222222222222321e+00
4.722222222222222321e+00
3.347222222222222321e+00
2.222222222222222321e+00
1.347222222222222321e+00
7.222222222222224319e-01
3.472222222222224319e-01
2.222222222222224319e-01
3.472222222222224319e-01
7.222222222222224319e-01
1.347222222222222321e+00
2.222222222222222321e+00
3.347222222222222321e+00
4.722222222222222321e+00
6.347222222222222321e+00
8.222222222222223209e+00
1.034722222222222321e+01
1.272222222222222321e+01
1.255555555555555536e+01
1.018055555555555536e+01
8.055555555555555358e+00
6.180555555555555358e+00
4.555555555555555358e+00
3.180555555555555802e+00
2.055555555555555802e+00
1.180555555555555802e+00
5.555555555555558023e-01
1.805555555555557468e-01
5.555555555555575370e-02
1.805555555555557468e-01
5.555555555555558023e-01
1.180555555555555802e+00
2.055555555555555802e+00
3.180555555555555802e+00
4.555555555555555358e+00
6.180555555555555358e+00
8.055555555555555358e+00
1.018055555555555536e+01
1.255555555555555536e+01
1.250000000000000000e+01
1.012500000000000000e+01
8.000000000000000000e+00
6.125000000000000000e+00
4.500000000000000000e+00
3.125000000000000000e+00
2.000000000000000000e+00
1.125000000000000000e+00
5.000000000000000000e-01
1.250000000000000000e-01
0.000000000000000000e+00
1.250000000000000000e-01
5.000000000000000000e-01
1.125000000000000000e+00
2.000000000000000000e+00
3.125000000000000000e+00
4.500000000000000000e+00
6.125000000000000000e+00
8.000000000000000000e+00
1.012500000000000000e+01
1.250000000000000000e+01
1.255555555555555536e+01
1.018055555555555536e+01
8.055555555555555358e+00
6.180555555555555358e+00
4.555555555555555358e+00
3.180555555555555358e+00
2.055555555555555358e+00
1.180555555555555358e+00
5.555555555555554692e-01
1.805555555555554692e-01
5.555555555555545533e-02
1.805555555555554692e-01
5.555555555555554692e-01
1.180555555555555358e+00
2.055555555555555358e+00
3.180555555555555358e+00
4.555555555555555358e+00
6.180555555555555358e+00
8.055555555555555358e+00
1.018055555555555536e+01
1.255555555555555536e+01
1.272222222222222143e+01
1.034722222222222143e+01
8.222222222222221433e+00
6.347222222222221433e+00
4.722222222222221433e+00
3.347222222222221877e+00
2.222222222222221877e+00
1.347222222222221877e+00
7.222222222222218768e-01
3.472222222222218213e-01
2.222222222222218213e-01
3.472222222222218213e-01
7.222222222222218768e-01
1.347222222222221877e+00
2.222222222222221877e+00
3.347222222222221877e+00
4.722222222222221433e+00
6.347222222222221433e+00
8.222222222222221433e+00
1.034722222222222143e+01
1.272222222222222143e+01
1.300000000000000000e+01
1.062500000000000000e+01
8.500000000000000000e+00
6.625000000000000000e+00
5.000000000000000000e+00
3.625000000000000000e+00
2.500000000000000000e+00
1.625000000000000000e+00
1.000000000000000000e+00
6.250000000000000000e-01
5.000000000000000000e-01
6.250000000000000000e-01
1.000000000000000000e+00
1.625000000000000000e+00
2.500000000000000000e+00
3.625000000000000000e+00
5.000000000000000000e+00
6.625000000000000000e+00
8.500000000000000000e+00
1.062500000000000000e+01
1.300000000000000000e+01
1.338888888888888928e+01
1.101388888888888928e+01
8.888888888888889284e+00
7.013888888888888395e+00
5.388888888888888395e+00
4.013888888888888395e+00
2.888888888888888395e+00
2.013888888888888395e+00
1.388888888888888395e+00
1.013888888888888395e+00
8.888888888888885065e-01
1.013888888888888395e+00
1.388888888888888395e+00
2.013888888888888395e+00
2.888888888888888395e+00
4.013888888888888395e+00
5.388888888888888395e+00
7.013888888888888395e+00
8.888888888888889284e+00
1.101388888888888928e+01
1.338888888888888928e+01
1.388888888888888751e+01
1.151388888888888751e+01
9.388888888888887507e+00
7.513888888888887507e+00
5.888888888888887507e+00
4.513888888888887507e+00
3.388888888888887951e+00
2.513888888888887951e+00
1.888888888888887951e+00
1.513888888888887951e+00
1.388888888888887951e+00
1.513888888888887951e+00
1.888888888888887951e+00
2.513888888888887951e+00
3.388888888888887951e+00
4.513888888888887507e+00
5.888888888888887507e+00
7.513888888888887507e+00
9.388888888888887507e+00
1.151388888888888751e+01
1.388888888888888751e+01
1.450000000000000000e+01
1.212500000000000000e+01
1.000000000000000000e+01
8.125000000000000000e+00
6.500000000000000000e+00
5.125000000000000000e+00
4.000000000000000000e+00
3.125000000000000000e+00
2.500000000000000000e+00
2.125000000000000000e+00
2.000000000000000000e+00
2.125000000000000000e+00
2.500000000000000000e+00
3.125000000000000000e+00
4.000000000000000000e+00
5.125000000000000000e+00
6.500000000000000000e+00
8.125000000000000000e+00
1.000000000000000000e+01
1.212500000000000000e+01
1.450000000000000000e+01
1.522222222222222143e+01
1.284722222222222143e+01
1.072222222222222143e+01
8.847222222222221433e+00
7.222222222222221433e+00
5.847222222222221433e+00
4.722222222222221433e+00
3.847222222222221433e+00
3.222222222222221433e+00
2.847222222222221433e+00
2.722222222222221433e+00
2.847222222222221433e+00
3.222222222222221433e+00
3.847222222222221433e+00
4.722222222222221433e+00
5.847222222222221433e+00
7.222222222222221433e+00
8.847222222222221433e+00
1.072222222222222143e+01
1.284722222222222143e+01
1.522222222222222143e+01
1.605555555555555358e+01
1.368055555555555358e+01
1.155555555555555358e+01
9.680555555555553582e+00
8.055555555555553582e+00
6.680555555555553582e+00
5.555555555555553582e+00
4.680555555555553582e+00
4.055555555555553582e+00
3.680555555555554026e+00
3.555555555555554026e+00
3.680555555555554026e+00
4.055555555555553582e+00
4.680555555555553582e+00
5.555555555555553582e+00
6.680555555555553582e+00
8.055555555555553582e+00
9.680555555555553582e+00
1.155555555555555358e+01
1.368055555555555358e+01
1.605555555555555358e+01
1.700000000000000000e+01
1.462500000000000000e+01
1.250000000000000000e+01
1.062500000000000000e+01
9.000000000000000000e+00
7.625000000000000000e+00
6.500000000000000000e+00
5.625000000000000000e+00
5.000000000000000000e+00
4.625000000000000000e+00
4.500000000000000000e+00
4.625000000000000000e+00
5.000000000000000000e+00
5.625000000000000000e+00
6.500000000000000000e+00
7.625000000000000000e+00
9.000000000000000000e+00
1.062500000000000000e+01
1.250000000000000000e+01
1.462500000000000000e+01
1.700000000000000000e+01
1.805555555555555003e+01
1.568055555555555181e+01
1.355555555555555181e+01
1.168055555555555181e+01
1.005555555555555181e+01
8.680555555555551805e+00
7.555555555555551805e+00
6.680555555555551805e+00
6.055555555555551805e+00
5.680555555555551805e+00
5.555555555555551805e+00
5.680555555555551805e+00
6.055555555555551805e+00
6.680555555555551805e+00
7.555555555555551805e+00
8.680555555555551805e+00
1.005555555555555181e+01
1.168055555555555181e+01
1.355555555555555181e+01
1.568055555555555181e+01
1.805555555555555003e+01
1.922222222222222143e+01
1.684722222222222143e+01
1.472222222222221966e+01
1.284722222222221966e+01
1.122222222222221966e+01
9.847222222222219656e+00
8.722222222222219656e+00
7.847222222222219656e+00
7.222222222222219656e+00
6.847222222222219656e+00
6.722222222222219656e+00
6.847222222222219656e+00
7.222222222222219656e+00
7.847222222222219656e+00
8.722222222222219656e+00
9.847222222222219656e+00
1.122222222222221966e+01
1.284722222222221966e+01
1.472222222222221966e+01
1.684722222222222143e+01
1.922222222222222143e+01
2.050000000000000000e+01
1.812500000000000000e+01
1.600000000000000000e+01
1.412500000000000000e+01
1.250000000000000000e+01
1.112500000000000000e+01
1.000000000000000000e+01
9.125000000000000000e+00
8.500000000000000000e+00
8.125000000000000000e+00
8.000000000000000000e+00
8.125000000000000000e+00
8.500000000000000000e+00
9.125000000000000000e+00
1.000000000000000000e+01
1.112500000000000000e+01
1.250000000000000000e+01
1.412500000000000000e+01
1.600000000000000000e+01
1.812500000000000000e+01
2.050000000000000000e+01
2.188888888888888573e+01
1.951388888888888573e+01
1.738888888888888573e+01
1.551388888888888395e+01
1.388888888888888395e+01
1.251388888888888395e+01
1.138888888888888395e+01
1.051388888888888395e+01
9.888888888888883955e+00
9.513888888888883955e+00
9.388888888888883955e+00
9.513888888888883955e+00
9.888888888888883955e+00
1.051388888888888395e+01
1.138888888888888395e+01
1.251388888888888395e+01
1.388888888888888395e+01
1.551388888888888395e+01
1.738888888888888573e+01
1.951388888888888573e+01
2.188888888888888573e+01
2.338888888888888573e+01
2.101388888888888573e+01
1.888888888888888573e+01
1.701388888888888573e+01
1.538888888888888573e+01
1.401388888888888573e+01
1.288888888888888573e+01
1.201388888888888573e+01
1.138888888888888573e+01
1.101388888888888573e+01
1.088888888888888573e+01
1.101388888888888573e+01
1.138888888888888573e+01
1.201388888888888573e+01
1.288888888888888573e+01
1.401388888888888573e+01
1.538888888888888573e+01
1.701388888888888573e+01
1.888888888888888573e+01
2.101388888888888573e+01
2.338888888888888573e+01
2.500000000000000000e+01
2.262500000000000000e+01
2.050000000000000000e+01
1.862500000000000000e+01
1.700000000000000000e+01
1.562500000000000000e+01
1.450000000000000000e+01
1.362500000000000000e+01
1.300000000000000000e+01
1.262500000000000000e+01
1.250000000000000000e+01
1.262500000000000000e+01
1.300000000000000000e+01
1.362500000000000000e+01
1.450000000000000000e+01
1.562500000000000000e+01
1.700000000000000000e+01
1.862500000000000000e+01
2.050000000000000000e+01
2.262500000000000000e+01
2.500000000000000000e+01
