6.851164595529351392e-03
9.208957841036804690e-03
1.156506883379848638e-02
1.215924957219350136e-02
1.304434470871899607e-02
1.392567101542553122e-02
1.450441945640770780e-02
1.538194618024612235e-02
1.627761831457425618e-02
1.684793563205254016e-02
1.742440054346433564e-02
1.771788791284560627e-02
1.830647684064989900e-02
1.875404796444383321e-02
1.919853884377291375e-02
1.916775583706919681e-02
1.975701240366090072e-02
2.005888469983843625e-02
2.063145234603306830e-02
2.107975632260182530e-02
