6.851726775820370444e-03
9.209641002341905497e-03
1.156599894901074593e-02
1.216030882209708473e-02
1.304525746285484233e-02
1.392678436355147820e-02
1.450559877896814148e-02
1.538296528258645615e-02
1.627976173823171210e-02
1.684938223871512014e-02
1.742818462804357482e-02
1.771914167381505312e-02
1.830770068143779475e-02
1.875439943604095827e-02
1.917335880446328217e-02
1.920022249212795240e-02
1.976093715836007431e-02
2.006029332622576850e-02
2.063277892047757356e-02
2.108518735787764942e-02
