6.851164595529353994e-03
9.208957841036792547e-03
1.156506883379848638e-02
1.215924957219350483e-02
1.304434470871899607e-02
1.392567101542550520e-02
1.450441945640773209e-02
1.538194618024612582e-02
1.627761831457426311e-02
1.684793563205253669e-02
1.742440054346429401e-02
1.771788791284557851e-02
1.830647684064988859e-02
1.875404796444398586e-02
1.919853884377292763e-02
1.916775583706916558e-02
1.975701240366083827e-02
2.005888469983831135e-02
2.063145234603314115e-02
2.107975632260174897e-02
