6.851733917829165577e-03
9.209649466728961342e-03
1.156600990090703683e-02
1.216032205718626386e-02
1.304527006913127132e-02
1.392679722819714985e-02
1.450561331254069351e-02
1.538297907279194063e-02
1.627978412483228193e-02
1.684939944635447176e-02
1.742822394184774873e-02
1.771915783380024340e-02
1.830771761346997734e-02
1.875440551694490185e-02
1.917341514740882741e-02
1.920024264578462300e-02
1.976097792731400238e-02
2.006031113427619167e-02
2.063279698843648730e-02
2.108523979211576055e-02
