6.851471678498559023e-03
9.209218663158488111e-03
1.156523780553877015e-02
1.216037379971420668e-02
1.304467428644130213e-02
1.392575472496621579e-02
1.450548919548857660e-02
1.538223887532391872e-02
1.627714456485186006e-02
1.684894793651758871e-02
1.742963730640031267e-02
1.771809681983715218e-02
1.830759391901890312e-02
1.875399487194192097e-02
1.919998364693237258e-02
1.916492125172263722e-02
1.976220526218915724e-02
2.005902628306773655e-02
2.063252196125611726e-02
2.107816371416311452e-02
