6.852346263109591017e-03
9.210639466192211203e-03
1.156762132543787125e-02
1.216145285666495914e-02
1.304622351578177929e-02
1.392893300630011766e-02
1.450710887045267294e-02
1.538430066930554507e-02
1.628402271391254930e-02
1.685151124059051236e-02
1.743130490296123519e-02
1.772109205299718729e-02
1.830908159220043241e-02
1.875557254677851296e-02
1.920265508320847733e-02
1.917670976075189562e-02
1.976442773364275873e-02
2.006273048283208418e-02
2.063451459157544104e-02
2.109586660799964153e-02
