1.249182226286711661e-02
2.013012480265615606e-02
2.341542686210238908e-02
3.064109630161234929e-02
1.928736237753555030e-02
2.712529904327787289e-02
3.342586336365881150e-02
3.048556764938091523e-02
3.768144065710274382e-02
4.607052237146931628e-02
4.050729185706374025e-02
2.200833287752140821e-02
2.988166316885446788e-02
4.805174043427067748e-02
5.310953349757767394e-02
3.321177292207809495e-02
4.045152889691920606e-02
6.726111977586701762e-02
5.508828270127377746e-02
4.327834569652706104e-02
