6.851164595529349657e-03
9.208957841036802955e-03
1.156506883379848291e-02
1.215924957219349616e-02
1.304434470871899433e-02
1.392567101542542540e-02
1.450441945640779454e-02
1.538194618024612756e-02
1.627761831457433250e-02
1.684793563205248812e-02
1.742440054346433564e-02
1.771788791284560280e-02
1.830647684064989206e-02
1.875404796444374994e-02
1.919853884377305947e-02
1.916775583706919334e-02
1.975701240366087991e-02
2.005888469983842931e-02
2.063145234603307177e-02
2.107975632260178367e-02
