6.851164595529349657e-03
9.208957841036801220e-03
1.156506883379848638e-02
1.215924957219349789e-02
1.304434470871899780e-02
1.392567101542552949e-02
1.450441945640770780e-02
1.538194618024612582e-02
1.627761831457428393e-02
1.684793563205253669e-02
1.742440054346433911e-02
1.771788791284560280e-02
1.830647684064990593e-02
1.875404796444384362e-02
1.919853884377292416e-02
1.916775583706919681e-02
1.975701240366088685e-02
2.005888469983843972e-02
2.063145234603307177e-02
2.107975632260181489e-02
