6.851786723574749063e-03
9.209475869020652267e-03
1.156577070210194208e-02
1.215733251048329612e-02
1.303769965610159128e-02
1.392316733457259204e-02
1.450233835395767050e-02
1.537502227846589131e-02
1.629351337552383330e-02
1.684635538156508891e-02
1.745576187038395607e-02
1.771102603589417429e-02
1.829348025305325975e-02
1.871067266864907125e-02
1.919344351709274810e-02
1.923531905084266413e-02
1.978888426556360200e-02
2.004839246818497164e-02
2.061801812875399542e-02
2.123233475756343760e-02
