8.729735852186787035e-03
1.218576047977633359e-02
1.495101973898801603e-02
1.563920288881861381e-02
1.622051541149806264e-02
1.837719044720013961e-02
1.909341961922966097e-02
1.962662421503391999e-02
2.111321793609597167e-02
2.180084539122028459e-02
2.231096211479640171e-02
2.254520835979068050e-02
2.303184879414250583e-02
2.356026534104358611e-02
2.451126463911711822e-02
2.522173576780272625e-02
2.568709339352559864e-02
2.599264846516238445e-02
2.643323064971744504e-02
2.691431485149631264e-02
