8.730469440095055267e-03
1.218674291032249141e-02
1.495262550375820246e-02
1.564066428436867995e-02
1.622230578845929722e-02
1.837902334456532547e-02
1.909561371561050575e-02
1.962864360931721591e-02
2.111709175907438424e-02
2.180310390740362175e-02
2.231336144297810936e-02
2.254843232476722026e-02
2.303432574117226031e-02
2.356573951279528761e-02
2.451538935494420798e-02
2.522461858072990240e-02
2.568963242428990573e-02
2.599721766315211957e-02
2.643640603941043929e-02
2.692006430281226187e-02
