8.729735852186783565e-03
1.218576047977635093e-02
1.495101973898801603e-02
1.563920288881860687e-02
1.622051541149804876e-02
1.837719044720009451e-02
1.909341961922968872e-02
1.962662421503390958e-02
2.111321793609594738e-02
2.180084539122023254e-02
2.231096211479641905e-02
2.254520835979072907e-02
2.303184879414255787e-02
2.356026534104359998e-02
2.451126463911716680e-02
2.522173576780243134e-02
2.568709339352622315e-02
2.599264846516203750e-02
2.643323064971745545e-02
2.691431485149648611e-02
