8.730478639790250142e-03
1.218675471030241861e-02
1.495264457543807844e-02
1.564068080893481205e-02
1.622232756271170528e-02
1.837904483650399864e-02
1.909563729850968783e-02
1.962866779481782509e-02
2.111713335132162778e-02
2.180312966855084411e-02
2.231339061740407123e-02
2.254846568505987706e-02
2.303435445271814763e-02
2.356579737727476642e-02
2.451543358687019447e-02
2.522465046118293683e-02
2.568966359599621219e-02
2.599726327738947559e-02
2.643644150022824574e-02
2.692012496449341930e-02
