8.730098497760756596e-03
1.218601721693684387e-02
1.495278857806729353e-02
1.563923287805960363e-02
1.622047473349127675e-02
1.837880650632637766e-02
1.909313867121637670e-02
1.962648953780219557e-02
2.111852752355843771e-02
2.180207395507425053e-02
2.231227242587975612e-02
2.254458596124584574e-02
2.303149768319469326e-02
2.355789007288788470e-02
2.451644693026524408e-02
2.522228960179908816e-02
2.568822139919458084e-02
2.599186972621553987e-02
2.643255873805529926e-02
2.731228138978656489e-02
