8.731307825958115054e-03
1.218828380450186558e-02
1.495427893431503993e-02
1.564336463673075481e-02
1.622388456828556536e-02
1.838139216849703911e-02
1.909993922957058457e-02
1.963091091475050939e-02
2.112047936553741734e-02
2.180668977525673097e-02
2.231559949837792073e-02
2.255487118224351606e-02
2.303772810177116825e-02
2.356930025607664042e-02
2.451951257818951735e-02
2.522996836736220508e-02
2.569265229992951510e-02
2.600597062277665988e-02
2.644139990365656709e-02
2.692434392711936034e-02
