1.937642119570213289e-02
2.951060334916173755e-02
3.335116925619402428e-02
4.074150677744661775e-02
2.821596637349044201e-02
3.890898354376995383e-02
4.339084696865112833e-02
4.307866818077631804e-02
5.027124730905880440e-02
5.623892656727567246e-02
5.315844760449721373e-02
3.130189212784041664e-02
4.208975308745453725e-02
5.818769160368197219e-02
6.575770160192875857e-02
4.605819676966062259e-02
5.350712599920197377e-02
7.735047734706929079e-02
6.769877352384938429e-02
5.640159948291775110e-02
