8.729735852186788769e-03
1.218576047977633706e-02
1.495101973898801603e-02
1.563920288881859993e-02
1.622051541149805570e-02
1.837719044720012573e-02
1.909341961922962627e-02
1.962662421503391999e-02
2.111321793609596473e-02
2.180084539122035051e-02
2.231096211479638436e-02
2.254520835979065621e-02
2.303184879414250583e-02
2.356026534104362080e-02
2.451126463911711129e-02
2.522173576780261522e-02
2.568709339352556048e-02
2.599264846516257874e-02
2.643323064971742770e-02
2.691431485149627795e-02
