8.729735852186785300e-03
1.218576047977633359e-02
1.495101973898801777e-02
1.563920288881861381e-02
1.622051541149806611e-02
1.837719044720013961e-02
1.909341961922965403e-02
1.962662421503392346e-02
2.111321793609596126e-02
2.180084539122028459e-02
2.231096211479640171e-02
2.254520835979068744e-02
2.303184879414250930e-02
2.356026534104358611e-02
2.451126463911712516e-02
2.522173576780272278e-02
2.568709339352565069e-02
2.599264846516232547e-02
2.643323064971744157e-02
2.691431485149631958e-02
