8.729636123797157241e-03
1.218533115239774610e-02
1.495002241571740179e-02
1.563770037102187038e-02
1.621813868582523341e-02
1.837580523913937697e-02
1.908959157425049388e-02
1.962382198275959208e-02
2.112123435083524195e-02
2.179823396344946970e-02
2.230415569001327480e-02
2.253761121409874127e-02
2.302788535180508300e-02
2.358377594948556435e-02
2.451973429212396527e-02
2.521635665022649297e-02
2.567951970698784461e-02
2.597888464871777811e-02
2.642686373530245617e-02
2.693890217621580305e-02
