6.471443605050808401e-03
3.240628030607695109e-02
4.739706240707164397e-02
1.320442320900383493e-02
3.756906437308771274e-02
1.014268493599956855e-02
6.685751360464564641e-04
3.669362676600940176e-02
7.150490973003797990e-03
2.247756745305196091e-02
2.360437425602412986e-02
3.121011305199772323e-02
2.221031587907873472e-02
3.888119908401677094e-02
2.388355022605992417e-02
2.023983307003618393e-02
6.704939808707877091e-02
2.164816708045691485e-03
1.817144763504074945e-02
3.114780813609741017e-02
2.089271263605496642e-02
3.076499209703342785e-02
3.386187958608388726e-02
1.067730111401488102e-02
2.642729455101289204e-02
2.723552308304988401e-02
2.531181494100565033e-02
2.148247200909736421e-02
2.197980723008186033e-02
2.779489148906577611e-02
4.232056705200193392e-02
1.369974819203889638e-02
3.477083060306540574e-02
1.160799748708996049e-02
2.043863906703791145e-02
3.005751983005211514e-02
1.233029144702868507e-02
3.978944804009643121e-02
4.439704939704824938e-02
9.901800808052030334e-03
1.567756583199297893e-02
2.050331812006334076e-02
1.529191269810326048e-02
4.312833360904733127e-02
2.728436088807484339e-02
3.396621131400934246e-02
1.155293977205928968e-02
2.323197069006255333e-02
2.957969674071136978e-03
2.704633306404957693e-02
8.526306247199499921e-02
6.230432188090162526e-03
5.754819334299554612e-02
1.878186877900134277e-02
6.539702156032944913e-03
2.394802301807885669e-02
2.631803357701301138e-02
1.672699509504127491e-02
2.696123767407243577e-02
3.520873587206097000e-02
3.406683802904808545e-02
3.193217661100788973e-02
2.228462126299746160e-02
1.468556154804900871e-02
2.694878579700343835e-02
2.010254217009332933e-02
3.830214000402065722e-02
3.024799446006909420e-02
3.872765247899678798e-02
1.839582861600774777e-02
2.038802672404926852e-02
1.598665823109968187e-02
5.928027850018224854e-03
2.753262183000515506e-02
8.098020630507107853e-02
1.568868732499595353e-02
4.938168025205413869e-02
2.488533843802542833e-02
6.529225278086414619e-03
2.277732268601084797e-02
1.410803466103516257e-02
1.917230960305005283e-02
2.254076993108355964e-02
3.324211538006238698e-02
3.680310606603143242e-02
3.033760475307190063e-02
1.034925067301628587e-02
2.342318699106726854e-02
3.028122437206093309e-02
9.342160368078111787e-03
8.567693782993046625e-03
3.358905839399994875e-02
9.233319797090189240e-03
5.406411527110321913e-02
4.279700547499487584e-02
1.001072764904620271e-02
2.498324168800536427e-02
2.854901534703913057e-02
3.794781742806208058e-02
1.707347984302032273e-02
2.652129589000651322e-02
1.701036207100514730e-02
4.361547463201986830e-02
1.342390961508499458e-02
6.361032104700825585e-02
1.629924908002067241e-03
1.585997668200889166e-02
4.060064353404868598e-02
1.158193440505783656e-02
3.535516601800736680e-02
3.031185600605112995e-02
8.888134690096194390e-03
7.197578528007397836e-03
2.300717030004761909e-02
2.988996952308298205e-02
2.048035721099950024e-02
3.011344853200625948e-02
3.227886874105934112e-02
2.679331529805040191e-02
2.261136855202039442e-02
5.226632110066020687e-03
2.976621228503972816e-02
3.309193472910010314e-02
1.690179606600850093e-02
3.302504561804653349e-02
2.394616026606399828e-02
4.559488499012331886e-03
3.964864245801891229e-02
1.892527212510231038e-02
1.386993024402727315e-02
1.928841366509459476e-02
3.620300378599949909e-02
1.059128943199993955e-02
4.452446935999887501e-02
4.226811313003508985e-02
5.851534764019561408e-03
2.798384031109435455e-02
1.514881161699577206e-02
2.196344171807140810e-02
3.380320544999904087e-02
2.005394361401613423e-02
2.973399261009035399e-02
1.567963335503463895e-02
2.511961525306105614e-02
5.836133428033463133e-03
3.297898453899961169e-02
5.706914635504745092e-02
8.512607150009898760e-03
4.889671203306988900e-02
1.468564840399722016e-02
1.153444177703022433e-02
2.449405454899533652e-02
3.284466440504729690e-02
1.070047697805875941e-02
3.481871901010435977e-02
3.043136548603797564e-02
3.953276896606894297e-02
3.315439438301837072e-02
1.465129257007902197e-02
1.321790209010487160e-02
2.197858935005569947e-03
3.124725977909292851e-02
4.117857058702156792e-02
2.149146957503944577e-02
4.842510167804903176e-02
1.199834276803812827e-02
1.717456700589536922e-05
3.237025198905030265e-02
1.684329856504973577e-02
2.495676063904284092e-02
2.249609663999763143e-02
2.760101121305069682e-02
1.692169663306231087e-02
3.977833311807899008e-02
2.471976441108836298e-02
2.566728847409649461e-02
6.860554957404474408e-02
6.037606444010634732e-03
1.846206800905747514e-02
3.531991840804948879e-02
1.739439767902695166e-02
2.923382014910202997e-02
4.942356207800457923e-02
8.372889007091544045e-03
2.183971649105842516e-02
1.907085261302654544e-02
3.943858729405746999e-02
2.334145969803103071e-02
2.260337403004086809e-02
3.745628606009177020e-02
3.392429594009627181e-02
1.426547529104027490e-02
2.027460041801987245e-02
2.615771534806299314e-02
4.793213797404405341e-02
2.068804882605945750e-02
2.379381757805276720e-02
2.533647866505361890e-02
2.778541622706143244e-02
1.658964742910029599e-02
7.007412185407702054e-02
3.871852233032768709e-03
1.390564573000574455e-02
4.150358928507102974e-02
1.104952767104805389e-02
3.131814446101088834e-02
5.479210745806994964e-02
4.486299045993291656e-03
1.051466116905430681e-02
2.635591044099783176e-02
2.316532180702779442e-02
2.044217022307748266e-02
2.662835123408058280e-02
3.912003753100634640e-02
1.939139827106828307e-02
3.033498124000288954e-02
4.222820457016496221e-03
2.652906439902835700e-02
3.619848747405285394e-02
2.375400415803596843e-02
5.111722832600662514e-02
2.170953519805607357e-02
3.829728526056896953e-03
2.852934291399833455e-02
3.011916068601294683e-02
1.430159193807867268e-02
4.259671236104622949e-02
2.992651364309040218e-02
4.034723238805781875e-02
2.343169879009110446e-02
9.731211345069823437e-03
1.497169138303888758e-02
8.434241359054794884e-03
3.009731017004924070e-02
5.700588203410461574e-02
1.787680981306039030e-02
4.829973366406647983e-02
1.693186637999133382e-02
1.371859699804645061e-02
2.133358305104593455e-02
2.201891162201263796e-02
1.867454722309958015e-02
2.228709142809748300e-02
2.632457026106749254e-02
2.352961736210090749e-02
2.635317004410353547e-02
1.458623984206042223e-02
3.022022496008958115e-02
2.292647987599139014e-02
8.030656329083285527e-03
8.813685122049719212e-03
3.714098469004056824e-02
8.476106570014962927e-03
5.162849689804716036e-02
5.058852199306329567e-02
4.322945827993862622e-03
4.957496525605620263e-02
7.566227364009137091e-03
1.939002824406088621e-02
3.999968232506034838e-02
1.141933900100866595e-02
3.600146999804110237e-02
2.059845750102340389e-02
8.968098171067140356e-03
1.445235880601103418e-02
2.998201776108544436e-02
2.295677204801904736e-02
3.123732156700498308e-02
1.285113618405375746e-02
3.400414842599275289e-02
2.653243743009170430e-02
1.564332370810461725e-02
1.351688503007153486e-02
2.095059321209191694e-02
5.415176153405809600e-02
1.032262018907204038e-02
5.459028974007651414e-02
1.015358398001353635e-02
5.381509679068585683e-03
3.224939280005401088e-02
1.054664168702856841e-02
1.431179625603817840e-02
3.330519252506292105e-02
2.797347304499453458e-02
3.875796977399659227e-02
3.899413248302607826e-02
3.401990255201781110e-02
1.032118069906573510e-02
1.430231847052709782e-03
3.161639325401210954e-02
6.656554382107060519e-02
1.408351937504903617e-02
3.720767680999870208e-02
1.774336241101082123e-02
2.114080513024418906e-03
2.845274091100691294e-02
1.999040012708519498e-02
2.705914726300306938e-02
1.755139232102465030e-02
4.296972736699444795e-02
1.919424472600894660e-02
2.768562217306680395e-02
1.338978194110040931e-02
2.387165698303306272e-02
5.513811891705699963e-02
7.076303098074276932e-03
2.041186817507423257e-02
2.083336062707985548e-02
1.742994103608452860e-02
4.228558425108985830e-02
7.033724668701779592e-02
6.327285883003241906e-03
2.875154774108068523e-02
1.632549996907073364e-02
2.064572151800803113e-02
3.011899421107955277e-02
3.396155248299237428e-02
3.040501729503830575e-02
2.479292357600115793e-02
2.075602067509407789e-02
2.764580114603631955e-02
1.928179933099727350e-02
3.415975020004680118e-02
2.533404430209884595e-02
3.923597189600513957e-02
1.905730767600744002e-02
2.280927828803669399e-02
1.987954854007512040e-02
5.394205406207674969e-02
6.363402189094813366e-03
1.659920585609597765e-02
3.023798609706318530e-02
8.182401836052122235e-03
4.821989978609053651e-02
6.520409190704867797e-02
3.857948194081473048e-03
2.219452051508596924e-02
2.988016391407199990e-02
2.233405288404810562e-02
3.086211247500614263e-02
2.838826738104671676e-02
2.182707550605300639e-02
1.513435853200917336e-02
2.661074427908260986e-02
2.268391490019894263e-03
2.979949097004919167e-02
5.043630318300529325e-02
1.713658327901157463e-02
3.237711493807182705e-02
3.191217366202181438e-02
4.153036633056217397e-03
2.997286945401356206e-02
1.093881388703721314e-02
1.591468812409857492e-02
4.248138634500264743e-02
2.318305625703942496e-02
4.276370764409875846e-02
2.669384899502347253e-02
3.455561181601751741e-02
1.230639130608324194e-02
1.526157127500482602e-02
2.172049791101926530e-02
5.069158397509454517e-02
2.058667584503837134e-02
4.689490424800624169e-02
1.516255636704499921e-02
5.392171985022287117e-03
3.143376530499608634e-02
1.334325549805726041e-02
2.838453846504762623e-02
3.155354912303209858e-02
2.288862762804910744e-02
2.209525763305464352e-02
2.904097866303345654e-02
2.725869401899672084e-02
1.585170276700864633e-02
4.195009173201924568e-02
3.940318583090629545e-03
8.187097324025671696e-03
4.343356187803237844e-02
8.023771761031639471e-03
4.932509731509071571e-02
2.079140676403312682e-02
1.028952020806173095e-02
1.432496860047649534e-03
4.259973324008115014e-02
4.627866828604965121e-02
1.106803007007783890e-02
3.211901111103543371e-02
1.499547761409303348e-02
4.139815141002145538e-03
3.211401089504306583e-02
2.650482274009391404e-02
2.272834550103652873e-02
2.642598194199763384e-02
3.363190037305230362e-02
2.257054474705455505e-02
3.078491597807442304e-02
9.545887139097430918e-03
1.923806804609284882e-02
3.359103539503394131e-02
1.043937181600540498e-02
1.843317351904261159e-02
2.788355002803655225e-02
2.031779643505160493e-02
3.766003113207716524e-02
6.088998422706026759e-02
5.096621224083719426e-03
4.140765814906899323e-02
1.221836061802150653e-02
2.273944236208080838e-02
2.355558929809831170e-02
2.826677834002566669e-02
2.477972310907716746e-02
2.935860684408453380e-02
2.543564218001392874e-02
4.109167523608903139e-02
1.135960580302253220e-02
1.746547800701137021e-02
4.239722028808046161e-02
1.362365885404415167e-02
3.031817222608879092e-02
2.794869148999623576e-02
1.216357925000011164e-02
1.366954648506180092e-02
2.122912351205741288e-02
3.835074286701001256e-02
3.969327952302137419e-02
1.490956537804777327e-02
3.799743160902835371e-02
1.637260013103514211e-02
1.649455908500385704e-02
5.574309925009401923e-03
2.498147023209185136e-02
5.977168791309850349e-02
1.325215863107587211e-02
7.015714594103883428e-02
1.238953026108902122e-02
2.981258302042988362e-03
2.819266790709207271e-02
1.940101030209007149e-02
1.464313347605639137e-02
3.361996071510020556e-02
1.987610927403693495e-02
3.005590716202277690e-02
4.532414457207778469e-02
3.402610675300365983e-02
1.561818331299491547e-02
1.676714768302645098e-02
2.060678794600789843e-02
4.280794880901339639e-02
1.875824370802092744e-02
3.205017055904590961e-02
3.427011031203619495e-02
2.605201725009465008e-02
1.643696687108331389e-02
8.342134061081196705e-03
2.209329658307979116e-02
5.869794288400953519e-02
2.161845175305643352e-02
7.365037677107011405e-02
1.588355921603579191e-02
4.872966556035862595e-03
2.463271581109438557e-02
8.160595871004261426e-03
2.572969755408394121e-02
3.612992676607973408e-02
2.990722241099774692e-02
2.195255630203973851e-02
3.517967510708785994e-02
1.421558216509311023e-02
2.244912668106735509e-02
4.784885744902567239e-02
7.474125855992497236e-03
5.943827243072519195e-03
4.332992603099228290e-02
1.252767335006410576e-02
3.818035917504403187e-02
3.441553711900269263e-02
9.036826352030402631e-03
3.980505300307868310e-02
1.725966100400455616e-02
3.047833187099513452e-02
2.164686683499894571e-02
2.810717821500929858e-02
1.374497854408218700e-02
2.530678965308652550e-02
2.796501211105351103e-02
3.610334736902132136e-02
8.155140152098283579e-03
1.553306897301354184e-02
3.516871233705387567e-02
1.347522491607833217e-02
3.905531356406299892e-02
6.649044234404755116e-02
1.136455587015916535e-03
2.066173478999644431e-02
2.277975946606147772e-02
2.731507720409354079e-02
2.826816020899514115e-02
2.887579895104863681e-02
2.928992893203030690e-02
5.965328845036310668e-03
2.360030954901048972e-02
1.965524436059240543e-03
3.654548185807016125e-02
4.234787556299579592e-02
1.361719804708627635e-02
3.395678087406395207e-02
2.456864235807643126e-02
9.211878518044613884e-03
2.981832685304652841e-02
1.356615739109656715e-02
2.164701905508081836e-02
3.794086859204526263e-02
1.991918034002537752e-02
2.423138684309833479e-02
3.481756770406718715e-02
1.998299031902206480e-02
2.228742973102271208e-02
4.573294692022500385e-03
3.367720080200342636e-02
2.713694071201189217e-02
2.423487003102309245e-02
3.882059499608203623e-02
1.648847230899264105e-02
3.011572264995265868e-03
3.362773619801373570e-02
2.997877990799224790e-02
2.071174928300933971e-02
4.044221515800927591e-02
1.359914501108505647e-02
2.363808091809005418e-02
2.352282903507330047e-02
3.710427919304493116e-02
1.815729994200410147e-02
5.291534482705628761e-02
2.742555119084499893e-03
1.112139230406228307e-02
4.358842286001163302e-02
1.656385721605602157e-02
3.574805242601541977e-02
4.198156078803094715e-02
5.460443188098906830e-03
2.060741151399270166e-02
1.616360059904309310e-02
3.067828482903678378e-02
3.459250170601535501e-02
2.692597761506476672e-02
2.845853454607549793e-02
8.022843509024824016e-03
2.556792425309595274e-02
2.557710171799953969e-02
1.270573385500028962e-02
8.856538030045157939e-03
4.219744745410025644e-02
6.736309393090778030e-03
4.566401870999925450e-02
5.595716253708360455e-02
6.980596792004689632e-03
3.927429019006467570e-02
1.682428840103966650e-02
3.671261053705165978e-02
2.432066467599725001e-02
3.550046277609908429e-02
2.656986614704237581e-02
1.612397869610049383e-02
1.933854047206295945e-02
3.684049254047749855e-03
3.051356468006360956e-02
6.139226343600512337e-02
1.453027907905379834e-02
5.847286749406066519e-02
2.590931854899736209e-02
1.244402799409272120e-02
1.785848491999786347e-02
2.515815159085832420e-03
3.332992434400239290e-02
7.201789897305843624e-02
1.055964805107123539e-02
6.412582757002383005e-02
1.333742647602775833e-02
1.002407585508535703e-02
1.805670264207037690e-02
3.779761989403596090e-02
1.545681266702558787e-02
3.287993232800090482e-02
3.443146720405820815e-02
2.525286234208579117e-02
3.321838655108422245e-02
1.506876753001051839e-02
1.693567698009701417e-02
2.760367322707679705e-02
1.211175843104683736e-02
1.409411288102546678e-02
3.154050169700894912e-02
1.612590196407381882e-02
3.930670646604994545e-02
6.041645431309916603e-02
9.999183146078394202e-03
1.928240504207678896e-02
1.401004585909504385e-02
1.683273451101285900e-02
3.695836575604971586e-02
2.121097771907898277e-02
3.985181332302545343e-02
1.148105047809622192e-02
2.768076373308758775e-02
5.588683668202065746e-02
4.782719284094127943e-03
2.145466676506657677e-02
3.861083118101760192e-02
2.007639828707397101e-02
2.482170197004052170e-02
4.510050678709376371e-02
5.749632222091349831e-03
3.251269775000764639e-02
2.109169256402765313e-02
3.505036567401020875e-02
2.283569827500286920e-02
1.398949706504026835e-02
2.801129156000570219e-02
3.511589966706196719e-02
1.658466694402704888e-02
3.674921936067221395e-03
3.329020848309482972e-02
3.422617299406738312e-02
1.398783454806107329e-02
4.606777171306930541e-02
1.244057543408416677e-02
1.984826333000455634e-03
3.283146193609809416e-02
1.082833485907030990e-02
1.835700675701446016e-02
2.466593350902712700e-02
2.450541167900155415e-02
2.133775869901910482e-02
5.120421676303976710e-02
1.955904652402296051e-02
2.199426501908874343e-02
1.979055562708254001e-02
2.518627825304520229e-02
2.417441760303518095e-02
2.837923179799872742e-02
2.730844463599169103e-02
2.475846613708654331e-02
1.337825526900360273e-02
2.599408624303123361e-02
2.672247743407751841e-02
7.191573380055160669e-03
1.513355807605876180e-02
3.863376738900115015e-02
5.980067215091366961e-03
5.049697437800659827e-02
3.875386640004307992e-02
4.758177288067599875e-03
2.171360263503174792e-02
1.256676106299892126e-02
3.968084591303977504e-02
3.020695030807019066e-02
4.473816657207407843e-02
2.109724812908098102e-02
1.276114748304735258e-02
1.552959183106850105e-02
6.836110437006936991e-03
2.675217130604323756e-02
6.630886682808068144e-02
1.162312306303192599e-02
4.728685274699273577e-02
2.362418733309823438e-02
1.242097341503267671e-02
2.469476067403775232e-02
6.538557795011001872e-03
2.842384047005452885e-02
2.721352954802114255e-02
2.523111998402782774e-02
2.271221075500307052e-02
2.961595592410048994e-02
2.307455343304809503e-02
3.065945668606673280e-02
7.546642549073112605e-03
2.591233592204389424e-02
4.570539923201977217e-02
2.452597282501756126e-02
4.578930714899343002e-02
1.788290046408747003e-02
1.498416668027857668e-03
3.223501484308144427e-02
1.923052647509848612e-02
3.036229716406069201e-02
3.935792308107011195e-02
1.776931202709874924e-02
2.971472688602716516e-02
2.716057711506891792e-02
2.953227042803518998e-02
1.529021503802141524e-02
7.527994033500817750e-02
2.365065271078492515e-03
1.075463491804384830e-02
3.357235415001014189e-02
1.190692709701579588e-02
3.947701662605140882e-02
4.853238338807841501e-02
8.258580643087043427e-03
7.306577826000193454e-02
7.392569075022947800e-03
2.232154262401309097e-02
3.280997847605249262e-02
1.428513917608142947e-02
2.760446732600030373e-02
4.200841533804577921e-02
1.008517256104823900e-02
2.250579641304284451e-02
2.674271817500084580e-02
3.727042571301808493e-02
2.592727211504097795e-02
2.608041734708876902e-02
3.052442529906329582e-02
3.430723665803725453e-02
1.109790490102113836e-02
2.347729899042860779e-03
2.828598349208277796e-02
4.222630213109823671e-02
1.665733073309638712e-02
4.744212281809723208e-02
1.527851693606407935e-02
8.313269480595408822e-04
3.798442295101267518e-02
1.006151434808089107e-02
2.433734993508096522e-02
1.804934152607984288e-02
2.683351454709281825e-02
1.977738007599327830e-02
3.797954854610452458e-02
3.213352433499494509e-02
2.910497882407980796e-02
5.846736639000482683e-03
3.207718538203607750e-02
6.928031393999845022e-02
9.524219310037551622e-03
4.456825763099914184e-02
1.364559258399822284e-02
8.894640542052911769e-03
2.616909779305842676e-02
2.540996510003878939e-02
1.094346902607412630e-02
3.623424052500467951e-02
3.771159933410217491e-02
4.165173943999889161e-02
2.316959958807274234e-02
1.628159571907872305e-02
1.170256945806613658e-02
2.103557391501453822e-02
9.938511505083624797e-03
1.660538751605145080e-02
3.182486958405661426e-02
1.528092306500639097e-02
4.932971884500148008e-02
3.438348132203827845e-02
8.387918398057081504e-03
2.337120901802336448e-02
1.848537454009147041e-02
1.542454894206457539e-02
3.097193735709424800e-02
3.012813094903776800e-02
3.417253787199570070e-02
1.754043641801672493e-02
2.207293014600963943e-02
1.604819369401866425e-02
2.664881461009827035e-02
4.494713938208860782e-02
2.446322910509479698e-02
1.640287136103779631e-02
2.795756651300962403e-02
1.953516307708014210e-02
1.918430265300230531e-02
3.081533109502743173e-02
7.276888327055530681e-03
1.049172309808454884e-02
5.020034211599977425e-02
8.245989524084507138e-03
3.986639826109694695e-02
2.471385886599364312e-02
7.495690453993120173e-03
1.488642888705271616e-02
1.197049102199798654e-02
4.704884727004809974e-02
1.582010604306560708e-02
4.258445887705875066e-02
3.323578074810029648e-02
2.367233739903440437e-02
1.519842871300625120e-02
9.694397983025737631e-03
2.626933387307417433e-02
4.093895676999181887e-02
1.954337210406720260e-02
6.142049880509148352e-02
1.640230406803766527e-02
8.186003197010904842e-03
2.790826967907378275e-02
2.874698050004553807e-02
3.026833212106794235e-02
2.908667648500795622e-02
2.778013282909341797e-02
2.276000193000982108e-02
2.148647496608191432e-02
7.884482374038270791e-03
2.745262742007525958e-02
4.166346706028889457e-03
3.692319122001208598e-02
4.437402420705893746e-02
2.293181452205317328e-02
3.983355585603476356e-02
2.248362420107241633e-02
4.431028672001957602e-03
2.606548986204870744e-02
3.290794653707962425e-02
1.414770192707237584e-02
3.693655897006919986e-02
2.004755324708185071e-02
3.499771203109958151e-02
2.342270546205327264e-02
1.901803457599271496e-02
2.715713150803367171e-02
4.117194750199359987e-02
9.767836792093476106e-03
1.043401704407642683e-02
3.059079994307012385e-02
1.155238836508942768e-02
4.580762297302953812e-02
7.832949792305043957e-02
2.714138135047505784e-03
4.255578582808539068e-02
1.260893450603361998e-02
2.323076114009836601e-02
2.563409066999611241e-02
1.472047545109944622e-02
3.235108773799311166e-02
8.247097219100396615e-02
3.482763097053975798e-03
3.529423895804484346e-02
1.385305947201231902e-02
3.187603169203612197e-02
2.959444348107354017e-02
2.616104735307089868e-02
2.769959310501235450e-02
1.958184769500803668e-02
2.716740888808999443e-02
1.406989590577722993e-04
3.545310650008559605e-02
5.338183722108169604e-02
1.257101545502337103e-02
4.752925985008005227e-02
1.766288362409795809e-02
4.586750406019746151e-03
2.748908838202623883e-02
2.469320866407542781e-02
2.554980728507416643e-02
1.689769949302899477e-02
3.350923908010372543e-02
1.846656060808982147e-02
3.705564327106003475e-02
9.026347019016611739e-03
2.754492833309996058e-02
9.247300846027428634e-03
2.747774467707131407e-02
4.972377858507570636e-02
1.504184978000466799e-02
6.566306718707437540e-02
5.807542722095604404e-03
6.531750726026075426e-03
2.730927048401099455e-02
1.599867021707268577e-02
1.205828688102883461e-02
4.356527410607213824e-02
2.640942708410420892e-02
3.225291057401591388e-02
3.969218677605113044e-02
2.165929044906533818e-02
1.191312554806245316e-02
3.603082323604667181e-02
7.248826944078246015e-03
1.493725051807359705e-02
4.106360010803200566e-02
1.686108778699235700e-02
3.463725032304409979e-02
2.721741104801367328e-02
8.028542576084873872e-03
1.550904388204799034e-02
2.472817197008225776e-02
2.940607741800249642e-02
2.564334344003782462e-02
1.181949338808863104e-02
4.114038287900712021e-02
2.180061285707779462e-02
2.123032309805239493e-02
1.600897093805997429e-02
2.317688674202145194e-02
3.262256128800800070e-02
3.564170423305768054e-02
2.687389621303282183e-02
2.357409331602866587e-02
1.043079723001483217e-02
2.123366263901971251e-02
3.801162442073291459e-03
3.338909494505060138e-02
5.065354566102087119e-02
1.598869213205489359e-02
2.690741976300614624e-02
2.350274818604702887e-02
5.720721910051906889e-03
3.015235764405588270e-02
3.776025243610092730e-02
1.842429062605788204e-02
2.177418351004689612e-02
2.091992141708942654e-02
3.343953201408567111e-02
1.672180161506275908e-02
2.665252396400319412e-02
2.360821036506877135e-02
4.117368215304395562e-02
3.998162155994577915e-03
1.410819973307297914e-02
2.970970767307790084e-02
1.523351084301793890e-02
4.879411669207911473e-02
6.178622295203695103e-02
2.703437557102006394e-03
9.525287782025770866e-03
3.133010683109205274e-02
3.205462928701763303e-02
3.024667006104664324e-02
2.004121508105072280e-02
3.325949008205952850e-02
1.591218496400870208e-02
1.662655221207387513e-02
5.738468056301826437e-02
7.870415636034522322e-03
9.149447289019008167e-03
4.459820678005144146e-02
7.106523237098372192e-03
3.778634768104893737e-02
2.936079516905465425e-02
9.609642336044998956e-03
1.406276741602141556e-02
1.913266759709131293e-02
3.671893808302684192e-02
2.087050140801238740e-02
3.411440318507175107e-02
3.427634866409334791e-02
3.560633854306161084e-02
1.886425197403696075e-02
9.573725222026041592e-03
1.737726900705638400e-02
6.050810936403649976e-02
1.579483869909381610e-02
6.491325814499759872e-02
2.285993979603517801e-02
7.089910880040406482e-03
2.772496649799904844e-02
8.073924774066654209e-03
2.358098760805660277e-02
6.592214696001974517e-02
1.450692361800065555e-02
6.098734266799965553e-02
1.091375236603653320e-02
2.754239759042320657e-03
2.994502417504918412e-02
1.771278941407672392e-02
1.628552744807620911e-02
3.221428565302630886e-02
2.862356825107781333e-02
2.813179888300965104e-02
3.626604066005256755e-02
4.157792062903808983e-02
1.612656417103153217e-02
4.990761783210473368e-02
8.647411326023757283e-03
1.230785502502840245e-02
3.797795088701150235e-02
1.639511347207189829e-02
3.629505172602875973e-02
2.618298231902826956e-02
1.505758038604199101e-02
1.195797342302284960e-02
2.379621602506176714e-02
2.545943510301640345e-02
3.476514096109895036e-02
1.990670166605923441e-02
4.143620780507717427e-02
2.113930417203846446e-02
1.257410275400161481e-02
3.986213341909206065e-02
8.256654725073531154e-03
2.282631420700909075e-02
2.884447654605537537e-02
1.797828721703353949e-02
3.934324507406472549e-02
5.575540207803442172e-02
4.204362113000570389e-03
4.121770456299600482e-02
1.549627077406512399e-02
1.927243275508772058e-02
2.867262438701345673e-02
3.105684588604162855e-02
1.982888716599973122e-02
2.990383001099417015e-02
1.893131572001038876e-02
5.652173430235052365e-04
3.661512791302357073e-02
4.639856601704650529e-02
8.529875928047658817e-03
3.100976416999401408e-02
2.181567956699836941e-02
3.912754933026008075e-03
3.381832740103618562e-02
2.049111422104488156e-02
2.025194219402237650e-02
2.242379021208762424e-02
3.595783106800354290e-02
2.551969878300042183e-02
3.270035806201576634e-02
1.778340581608972570e-02
1.891894685002171173e-02
