-1.116342365741729736e+01 1.576509540900588036e+01 9.916676506400108337e+00
3.686189651489257812e+01 -2.899138867855072021e+01 -3.822271674871444702e+01
7.599426895380020142e+01 2.848460304550826550e+01 2.449063457548618317e+01
-5.168315321207046509e+01 -1.627737353555858135e+01 -1.365850076079368591e+01
-6.225432232022285461e+01 3.373250734061002731e+01 -2.003635965287685394e+01
4.546254262328147888e+01 -1.097856929525732994e+01 1.186336651444435120e+01
7.384259253740310669e+00 -1.481335973367094994e+00 -5.616220012307167053e+00
-2.060238346457481384e+01 -4.619790510274469852e+01 3.627380281686782837e+01
-3.121800273656845093e+01 1.802453857846558094e+01 -3.571911901235580444e-01
1.676955312490463257e+01 -2.690762718208134174e+01 3.150290027260780334e+01
5.607709586620330811e+01 8.123024776577949524e+00 -2.523633934557437897e+01
-7.163824558258056641e+01 -3.681463347747921944e+01 1.661397248506546021e+01
-4.231738850474357605e+01 2.121189748868346214e+00 2.953480027616024017e+01
6.535911574959754944e+01 -4.276574625633656979e+01 -1.856610268354415894e+01
2.749750778079032898e+01 3.452802421525120735e+01 4.814372435212135315e+00
-5.293406546115875244e-01 -1.036440428346395493e+01 -3.329634889960289001e+01
-5.024127215147018433e+00 3.762652648612856865e+01 3.427054859697818756e+01
2.199167385697364807e+01 -7.135300561785697937e+00 -2.580411881208419800e+00
6.016151949763298035e+01 5.219518346711993217e+00 1.884693823754787445e+01
-4.711917176842689514e+01 -3.953681486658751965e+01 -2.801372557878494263e+01
-7.644095391035079956e+01 1.047317329794168472e+01 -1.563977278769016266e+01
5.087918490171432495e+01 -3.424341795966029167e+01 2.747029989957809448e+01
1.126464426517486572e+01 2.037451610900461674e+01 -3.122206471860408783e+01
-3.571247458457946777e+01 -2.433658131398260593e+01 1.878265887498855591e+00
-2.509655907750129700e+01 -3.831440908834338188e+00 -3.600257553160190582e+01
1.879036277532577515e+00 -4.876916420646011829e+01 7.147208154201507568e+00
4.026433542370796204e+01 3.138257205486297607e+01 -1.087925337255001068e+01
-6.705671653151512146e+01 -1.354965740814805031e+01 2.226071193814277649e+01
-5.648525178432464600e+01 2.538597269915044308e+01 1.392972804605960846e+01
7.079696774482727051e+01 -1.950634918175637722e+01 -2.295964643359184265e+01
3.135637789964675903e+01 1.266663739457726479e+01 3.920682989060878754e+01
-1.565850526094436646e+01 -3.222019065171480179e+01 -7.692324221134185791e+00
-1.774355039000511169e+01 2.682849781587719917e+01 -2.733089074492454529e+01
3.454568699002265930e+01 -1.823525678366422653e+01 1.581881679594516754e+01
7.259776577353477478e+01 1.702603346668183804e+01 -2.051318585872650146e+00
-5.940949156880378723e+01 -2.804321496747434139e+01 3.108857057988643646e+01
-6.883809119462966919e+01 5.210100859403610229e-01 2.757586538791656494e+00
4.313048154115676880e+01 -4.458523305132985115e+01 -3.413171149790287018e+01
4.023097753524780273e+00 3.282914009876549244e+01 2.787843838334083557e+01
-2.830558478832244873e+01 -1.228259687311947346e+01 -1.902063928544521332e+01
-3.768965736031532288e+01 6.565284365788102150e+00 2.309855729341506958e+01
1.463749691843986511e+01 -3.867415727116167545e+01 -1.375232674181461334e+01
5.251562491059303284e+01 1.918574389070272446e+01 7.518696933984756470e+00
-7.945386573672294617e+01 -2.605919158086180687e+01 -3.934189043939113617e+01
-4.877555966377258301e+01 3.643097582273185253e+01 -6.967937797307968140e+00
6.323322117328643799e+01 -8.851121319457888603e+00 3.614205874502658844e+01
2.391038388013839722e+01 1.315838303416967392e+00 -2.239397972822189331e+01
-8.377940356731414795e+00 -4.397175267338752747e+01 1.070627473294734955e+01
-3.570959568023681641e+00 3.667956236749887466e+00 -1.168535262346267700e+01
2.910280168056488037e+01 -4.140114132314920425e+01 2.017466269433498383e+01
6.874362319707870483e+01 3.878292142413556576e+01 -3.640825077891349792e+01
-4.428536027669906616e+01 -6.280683642253279686e+00 5.441984906792640686e+00
-7.496457234025001526e+01 2.228364869952201843e+01 3.836281254887580872e+01
5.802573129534721375e+01 -2.282810905948281288e+01 -9.738013967871665955e+00
1.983082070946693420e+01 9.663019524887204170e+00 1.348613470792770386e+01
-3.288238093256950378e+01 -3.544324574060738087e+01 -2.462451018393039703e+01
-2.349799305200576782e+01 2.973127753473818302e+01 1.874453380703926086e+01
9.216126501560211182e+00 -1.551372163929045200e+01 -2.939478300511837006e+01
4.864027261734008789e+01 -2.576681487262248993e+00 3.316224187612533569e+01
-6.434850275516510010e+01 -4.781618816778063774e+01 -4.986817017197608948e+00
-5.491958841681480408e+01 1.467378611676394939e+01 -3.136467605829238892e+01
7.810848191380500793e+01 -3.061369690112769604e+01 5.349739640951156616e-01
3.973840102553367615e+01 2.447642413899302483e+01 -1.678828641772270203e+01
-1.293688371777534485e+01 -2.080556638538837433e+01 2.510166026651859283e+01
-1.410430893301963806e+01 3.181039654649794102e+01 -1.750442087650299072e+01
3.857227519154548645e+01 -1.329718769527971745e+01 2.934592477977275848e+01
7.928427323698997498e+01 -5.689722672104835510e-01 -3.309398904442787170e+01
-5.374265030026435852e+01 -4.568205034360289574e+01 3.766068890690803528e+00
-6.302437692880630493e+01 1.663214269094169140e+01 3.239004120230674744e+01
4.996310383081436157e+01 -2.843020643107593060e+01 -7.206469029188156128e-01
7.883315086364746094e+00 2.651717683300375938e+01 1.695425212383270264e+01
-2.483194649219512939e+01 -1.855066612362861633e+01 -2.614668376743793488e+01
-3.421740427613258362e+01 1.627288032323122025e+00 1.206633910536766052e+01
1.849938556551933289e+01 -4.365612875670194626e+01 -2.108283929526805878e+01
5.934749141335487366e+01 3.682465202175080776e+01 3.733608782291412354e+01
-7.363907143473625183e+01 -8.464258601889014244e+00 -5.803262069821357727e+00
-4.310705184936523438e+01 2.027585498988628387e+01 -3.788426578044891357e+01
6.991834819316864014e+01 -2.496215971186757088e+01 9.005714580416679382e+00
2.793804734945297241e+01 7.583813341334462166e+00 -1.277319803833961487e+01
-4.739449918270111084e+00 -3.765969519503414631e+01 2.412657089531421661e+01
-9.542158842086791992e+00 9.979329416528344154e+00 -2.314733579754829407e+01
2.274013578891754150e+01 -3.513385527767241001e+01 1.499266274273395538e+01
6.441343992948532104e+01 2.267119873315095901e+01 -8.739374876022338867e+00
-4.760152310132980347e+01 -2.243649346753954887e+01 3.941037587821483612e+01
-7.813385739922523499e+01 3.987789268605411053e+01 6.782497167587280273e+00
5.384165808558464050e+01 -5.189885227009654045e+00 -3.511662311851978302e+01
1.330178871750831604e+01 4.680359046906232834e+00 2.134917899966239929e+01
-3.901918813586235046e+01 -4.038192637264728546e+01 -1.054022900760173798e+01
-2.963404446840286255e+01 2.346389258280396461e+01 2.642264127731323242e+01
2.686014473438262939e+00 -2.182499591261148453e+01 -1.543806500732898712e+01
4.445758461952209473e+01 1.357902943156659603e+01 1.689959019422531128e+00
-6.751945912837982178e+01 -3.170436657033860683e+01 -3.016095869243144989e+01
-5.823682650923728943e+01 -2.964360266923904419e+00 -3.490111380815505981e+00
7.377904966473579407e+01 -4.820801833644509315e+01 3.461017616093158722e+01
3.337406858801841736e+01 2.941518221981823444e+01 -2.837661266326904297e+01
-1.890670254826545715e+01 -1.582298335619270802e+01 1.973350338637828827e+01
-1.698810756206512451e+01 -1.774294553324580193e+00 3.525065369904041290e+01
3.002075076103210449e+01 -4.648671229369938374e+01 -6.609976440668106079e+00
7.212308198213577271e+01 3.332436330616474152e+01 1.036172144114971161e+01
-5.516531497240066528e+01 -1.139354692772030830e+01 -2.148912012577056885e+01
-6.588259890675544739e+01 2.736630192957818508e+01 -1.481827266514301300e+01
4.144448265433311462e+01 -1.738877668045461178e+01 2.328193843364715576e+01
7.087166607379913330e-01 1.477330805733799934e+01 -3.954852394759654999e+01
-2.626069650053977966e+01 -2.998726304620504379e+01 8.561515659093856812e+00
-3.687554568052291870e+01 3.551994031295180321e+01 -3.447565205395221710e+01
1.009295433759689331e+01 -9.368315339088439941e+00 3.664270043373107910e+00
5.206039726734161377e+01 3.239276288077235222e+00 -1.991144113242626190e+01
-7.526820778846740723e+01 -4.165447185747325420e+01 2.823823317885398865e+01
-4.580061122775077820e+01 8.531297557055950165e+00 1.561035461723804474e+01
6.148870363831520081e+01 -3.639944126829504967e+01 -2.628868952393531799e+01
2.065467163920402527e+01 1.831728258170187473e+01 3.002078644931316376e+01
-6.352658420801162720e+00 -2.661894873715937138e+01 -1.868545413017272949e+00
-1.863365620374679565e+00 2.137266566045582294e+01 8.941977471113204956e-01
2.616477742791175842e+01 -2.334535253234207630e+01 -3.225490450859069824e+01
6.668202802538871765e+01 1.158650696277618408e+01 2.600769646465778351e+01
-4.099333420395851135e+01 -3.312601739540696144e+01 -1.713157728314399719e+01
-7.046122640371322632e+01 5.634024580940604210e+00 -2.921258084475994110e+01
5.725281566381454468e+01 -3.912648282013833523e+01 1.767732307314872742e+01
1.560335576534271240e+01 3.791451761499047279e+01 -3.945263102650642395e+00
-3.238534688949584961e+01 -6.840495951473712921e+00 3.295442938804626465e+01
-2.177079275250434875e+01 1.237851751968264580e+01 -8.832585737109184265e+00
6.219433397054672241e+00 -3.251520983874797821e+01 3.801768347620964050e+01
4.663719609379768372e+01 2.497168104164302349e+01 -2.426590390503406525e+01
-6.107593283057212830e+01 -1.991655248217284679e+01 1.259407758712768555e+01
-5.035772383213043213e+01 3.026910964399576187e+01 2.121805004775524139e+01
7.731611013412475586e+01 -1.466727254912257195e+01 -1.189256191253662109e+01
3.553054243326187134e+01 -4.829375883564352989e+00 5.626010969281196594e+00
-1.249851852655410767e+01 -4.976026424206793308e+01 -3.747484877705574036e+01
-1.145871207118034363e+01 1.952228090725839138e+01 2.176497183740139008e+01
3.590658918023109436e+01 -2.571715100668370724e+01 -1.009573012590408325e+01
7.632496282458305359e+01 6.929115373641252518e+00 6.329169049859046936e+00
-5.076324120163917542e+01 -3.831580903381109238e+01 -3.552175328135490417e+01
-6.004556745290756226e+01 9.712226409465074539e-01 -8.129470571875572205e+00
4.700319141149520874e+01 -4.431086410768330097e+01 3.997082188725471497e+01
5.218233466148376465e+00 3.606970883905887604e+01 -2.371909178793430328e+01
-2.218575239181518555e+01 -9.217870403081178665e+00 1.439101904630661011e+01
-3.155044630169868469e+01 1.738712828606367111e+01 -2.850950621068477631e+01
1.585262164473533630e+01 -2.767663737758994102e+01 1.963049724698066711e+01
5.636926129460334778e+01 2.717328497208654881e+01 -3.398415222764015198e+00
-7.068102583289146423e+01 -1.789597318507730961e+01 3.475133031606674194e+01
-4.014838278293609619e+01 3.246513759717345238e+01 1.441079005599021912e+00
6.694073438644409180e+01 -1.264111727476119995e+01 -3.045803695917129517e+01
2.529066473245620728e+01 1.846452336758375168e-01 2.671089030802249908e+01
-2.073113024234771729e+00 -4.492710213176906109e+01 -1.517852231860160828e+01
-7.187702059745788574e+00 -2.210103729739785194e+00 1.740729488432407379e+01
2.040587306022644043e+01 -4.745509318076074123e+01 -2.574187859892845154e+01
6.237270623445510864e+01 3.007056096568703651e+01 3.197392366826534271e+01
-4.558097392320632935e+01 -1.516893465071916580e+01 -1.165431439876556396e+00
-7.611269190907478333e+01 2.411790390498936176e+01 -3.252255775034427643e+01
5.180154785513877869e+01 -2.116956871934235096e+01 4.367426931858062744e+00
1.096690490841865540e+01 1.433191686868667603e+01 -1.811461053788661957e+01
-3.666535004973411560e+01 -3.095006192103028297e+01 2.878515377640724182e+01
-2.730095118284225464e+01 3.912496183067560196e+01 -1.286521889269351959e+01
3.328320384025573730e-01 -5.944146793335676193e+00 2.398513108491897583e+01
4.243577301502227783e+01 4.026304641738533974e+00 -3.775165759027004242e+01
-6.547754883766174316e+01 -4.103731014765799046e+01 9.108395725488662720e+00
-5.619551822543144226e+01 9.323907922953367233e+00 3.704755343496799469e+01
7.175663843750953674e+01 -3.578786157071590424e+01 -6.063129752874374390e+00
3.102148339152336121e+01 2.191689978353679180e+01 1.231489442288875580e+01
-1.657300487160682678e+01 -2.318937587551772594e+01 -2.078604668378829956e+01
-1.994681239128112793e+01 7.778409449383616447e+00 -4.193227738142013550e+00
3.299832403659820557e+01 -3.715374524705111980e+01 3.265704609453678131e+01
7.477050513029098511e+01 1.766327193006873131e+01 -2.892341643571853638e+01
-5.783161610364913940e+01 -2.727437660098075867e+01 1.793656073510646820e+01
-6.854951635003089905e+01 3.486456089653074741e+01 2.587571829557418823e+01
4.409128233790397644e+01 -1.002236337400972843e+01 -1.723488844931125641e+01
3.686911016702651978e+00 2.485020421445369720e+00 9.868092834949493408e-01
-2.921878263354301453e+01 -4.240739768370985985e+01 -3.211405538022518158e+01
-3.985439091920852661e+01 2.812060020864009857e+01 6.235609948635101318e+00
1.305282622575759888e+01 -1.663589360192418098e+01 -3.691348709166049957e+01
5.472551941871643066e+01 1.542873022146522999e+01 2.064598873257637024e+01
-7.791436612606048584e+01 -2.933325742371380329e+01 -1.249328993260860443e+01
-4.844616755843162537e+01 -1.120240818709135056e+00 -2.385041639208793640e+01
6.415442541241645813e+01 -4.583132784813642502e+01 1.303949214518070221e+01
2.361394628882408142e+01 3.407729483209550381e+01 -9.286219179630279541e+00
-9.332108050584793091e+00 -1.063928603194653988e+01 3.761346898972988129e+01
-3.904714435338973999e+00 3.102405215613543987e+01 -3.983736366033554077e+01
2.818715289235115051e+01 -1.391366007737815380e+01 8.302563652396202087e+00
6.903464898467063904e+01 -4.173309821635484695e+00 -1.457002267241477966e+01
-4.332699134945869446e+01 -4.910552956163883209e+01 2.357964672148227692e+01
-7.279428392648696899e+01 1.303321481682360172e+01 1.026939526200294495e+01
5.960603863000869751e+01 -3.185909532941877842e+01 -2.162964425981044769e+01
1.762512683868408203e+01 2.572525579482316971e+01 3.538295656442642212e+01
-3.442729294300079346e+01 -1.916156185790896416e+01 -6.506379619240760803e+00
-2.379199877381324768e+01 4.880406409502029419e+00 3.059313312172889709e+01
8.259507864713668823e+00 -3.988143036141991615e+01 -1.267492398619651794e+00
4.897211566567420959e+01 3.725977723486721516e+01 1.500108033418655396e+01
-6.342973038554191589e+01 -7.496567042544484138e+00 -2.684976555407047272e+01
-5.271214485168457031e+01 2.071655685082077980e+01 -1.945748299360275269e+01
7.965041339397430420e+01 -2.400004480034112930e+01 2.864273332059383392e+01
3.757123559713363647e+01 1.083152203820645809e+01 -3.489085420966148376e+01
-1.451910346746444702e+01 -3.387958711944520473e+01 3.219180479645729065e+00
-1.318583726882934570e+01 2.872698530554771423e+00 -3.066161990165710449e+01
3.890320718288421631e+01 -4.201556684449315071e+01 2.488168999552726746e+00
7.832796424627304077e+01 3.518065688200294971e+01 -1.624141767621040344e+01
-5.403573602437973022e+01 -9.713102327659726143e+00 2.689854271709918976e+01
-6.460750713944435120e+01 1.867580281570553780e+01 1.929143592715263367e+01
4.779563829302787781e+01 -2.625494640320539474e+01 -2.759793393313884735e+01
9.426167160272598267e+00 8.873166805133223534e+00 3.386541724205017090e+01
-2.262419268488883972e+01 -3.606307624839246273e+01 -3.033741191029548645e+00
-3.325811535120010376e+01 3.298232289962470531e+01 3.890975043177604675e+01
1.879072099924087524e+01 -1.173008377663791180e+01 -7.941205427050590515e+00
5.843093156814575195e+01 -2.132642958313226700e+00 1.418926954269409180e+01
-7.397312700748443604e+01 -4.685054346919059753e+01 -2.267139859497547150e+01
-4.465165361762046814e+01 1.511241965927183628e+01 -1.098226070404052734e+01
6.771357491612434387e+01 -2.964264721609652042e+01 2.212781719863414764e+01
2.951805457472801208e+01 2.773305084556341171e+01 -3.586142256855964661e+01
-2.570071965456008911e+00 -1.702750986441969872e+01 7.238903120160102844e+00
-8.001738637685775757e+00 2.463514402508735657e+01 -5.014860779047012329e+00
2.495034053921699524e+01 -2.025859305635094643e+01 3.684523530304431915e+01
6.282785877585411072e+01 1.201468651182949543e+01 -2.059712946414947510e+01
-4.976655676960945129e+01 -3.287355807609856129e+01 1.125317804515361786e+01
-7.908771544694900513e+01 -4.484760221093893051e+00 2.489544093608856201e+01
5.354614049196243286e+01 -4.942115280777215958e+01 -1.320545680820941925e+01
1.422269225120544434e+01 3.063037662766873837e+01 9.471893161535263062e+00
-3.869070708751678467e+01 -1.430052346549928188e+01 -3.863883309066295624e+01
-2.805646911263465881e+01 1.122541214339435101e+01 4.554505944252014160e+00
4.857843369245529175e+00 -3.349259498529136181e+01 -3.358488209545612335e+01
4.291053190827369690e+01 2.102787850424647331e+01 2.983159407973289490e+01
-6.972180053591728210e+01 -2.368463613092899323e+01 -1.831754617393016815e+01
-5.915093541145324707e+01 3.827852011658251286e+01 -2.537777796387672424e+01
7.344256222248077393e+01 -6.481975549831986427e+00 1.652195282280445099e+01
3.433578938245773315e+01 5.970389433205127716e+00 -2.545088529586791992e-01
-1.861781805753707886e+01 -3.878461373969912529e+01 3.163550965487957001e+01
-1.540924951434135437e+01 3.718317192047834396e+01 1.338282234966754913e+01
3.219126835465431213e+01 -8.100255932658910751e+00 -2.475648954510688782e+01
7.057717844843864441e+01 1.969156945124268532e+00 3.850366048514842987e+01
-5.736879602074623108e+01 -4.331976340152323246e+01 -9.645403623580932617e+00
-6.679801911115646362e+01 7.217235919088125229e+00 -3.670563526451587677e+01
4.110927790403366089e+01 -3.802079051733016968e+01 5.194019079208374023e+00
1.669297814369201660e+00 1.993657189421355724e+01 -1.142611615359783173e+01
-2.597066283226013184e+01 -2.530694703571498394e+01 2.046382591128349304e+01
-3.533643677830696106e+01 -2.298603300005197525e-01 -1.634287305176258087e+01
1.230444177985191345e+01 -4.533743484877049923e+01 2.551714658737182617e+01
5.047367647290229797e+01 3.217714579775929451e+01 -3.176889173686504364e+01
-7.743209227919578552e+01 -1.293592121452093124e+01 8.133932948112487793e-02
-4.675318658351898193e+01 2.617513609118759632e+01 3.372360236942768097e+01
6.119187474250793457e+01 -1.888720263727009296e+01 -4.377219229936599731e+00
2.157672435045242310e+01 1.627379395067691803e+01 1.814380459487438202e+01
-6.025317013263702393e+00 -2.879403727129101753e+01 -2.996684551239013672e+01
-9.052354097366333008e-01 1.392364475876092911e+01 2.773791544139385223e+01
2.645724296569824219e+01 -3.136525480076670647e+01 -1.911296427249908447e+01
6.576417595148086548e+01 2.382515923120081425e+01 2.861184552311897278e+00
-4.132608801126480103e+01 -2.145824649371206760e+01 -3.399940744042396545e+01
-7.200469806790351868e+01 2.907864553853869438e+01 -2.310269400477409363e+00
5.504688367247581482e+01 -1.616502426564693451e+01 3.079973205924034119e+01
1.718466475605964661e+01 -3.328190939500927925e+00 -2.703318126499652863e+01
-3.021726116538047791e+01 -4.856636690907180309e+01 1.606706798076629639e+01
-2.085119098424911499e+01 2.303520157001912594e+01 -2.198947839438915253e+01
6.549206674098968506e+00 -2.207797340117394924e+01 1.116023406386375427e+01
4.568218886852264404e+01 1.031569460406899452e+01 -7.413026168942451477e+00
-6.137031078338623047e+01 -3.479198653250932693e+01 3.572685778141021729e+01
-5.194201275706291199e+01 4.319263892248272896e+00 8.119751140475273132e+00
7.514977470040321350e+01 -4.074850362725555897e+01 -3.876954257488250732e+01
3.707210227847099304e+01 3.953310519456863403e+01 2.253748245537281036e+01
-1.028946295380592346e+01 -5.529168490320444107e+00 -1.436159983277320862e+01
-1.062489226460456848e+01 3.939651286229491234e+01 -2.487562559545040131e+01
3.740691646933555603e+01 -5.491453111171722412e+00 1.326376751065254211e+01
7.544004276394844055e+01 4.281547842547297478e+00 -9.530159607529640198e+00
-5.223165616393089294e+01 -4.061191062442958355e+01 3.861897557973861694e+01
-6.169955909252166748e+01 1.027651708573102951e+01 5.073738917708396912e+00
4.601082205772399902e+01 -3.465393206104636192e+01 -3.682598739862442017e+01
6.845500767230987549e+00 2.289714642800390720e+01 2.057792522013187408e+01
-2.114686042070388794e+01 -2.203879521228373051e+01 -1.131209775805473328e+01
-3.051171943545341492e+01 -3.541787145659327507e+00 2.531889639794826508e+01
1.747972860932350159e+01 -4.825389374978840351e+01 -1.654119521379470825e+01
5.537674710154533386e+01 2.876617170870304108e+01 2.737186104059219360e-01
-7.233515754342079163e+01 -1.595142738893628120e+01 -3.157659336924552917e+01
-4.161696165800094604e+01 2.351140162907540798e+01 -4.574325308203697205e+00
6.605565518140792847e+01 -2.124336584471166134e+01 3.352657750248908997e+01
2.679084599018096924e+01 1.370876343920826912e+01 -2.977332152426242828e+01
-1.239434480667114258e+00 -3.105149652808904648e+01 1.833739966154098511e+01
-5.729032456874847412e+00 1.623599274083971977e+01 -1.923316933214664459e+01
2.128104537725448608e+01 -2.865735910832881927e+01 2.761779099702835083e+01
6.086263597011566162e+01 2.603845725767314434e+01 -3.388523302972316742e+01
-4.642454385757446289e+01 -1.884940075688064098e+01 2.975430637598037720e+00
-7.714183375239372253e+01 3.203917715698480606e+01 3.068082369863986969e+01
5.018402352929115295e+01 -1.289682952687144279e+01 -2.429249137639999390e+00
1.196902200579643250e+01 -2.689526882022619247e-01 1.618253968656063080e+01
-3.500161305069923401e+01 -4.519946553744375706e+01 -2.691779106855392456e+01
-2.563706934452056885e+01 1.962418456561863422e+01 1.096305049955844879e+01
1.335089206695556641e+00 -2.509343666024506092e+01 -2.218673333525657654e+01
4.081841379404067993e+01 7.003724873065948486e+00 3.592030428349971771e+01
-6.650653034448623657e+01 -3.770840251818299294e+01 -7.219661176204681396e+00
-5.703894212841987610e+01 1.754190465435385704e+00 -3.896802283823490143e+01
7.024670943617820740e+01 -4.300591996870934963e+01 7.921351492404937744e+00
3.189681962132453918e+01 3.686932781711220741e+01 -1.416945062577724457e+01
-1.511417612433433533e+01 -7.885288782417774200e+00 2.272970333695411682e+01
-1.828307539224624634e+01 6.185356248170137405e+00 2.291060388088226318e+00
3.400044113397598267e+01 -3.909845750778913498e+01 -3.085864700376987457e+01
7.315298080444335938e+01 3.859236455522477627e+01 2.709206417202949524e+01
-5.886075794696807861e+01 -6.696943035349249840e+00 -1.604782484471797943e+01
-6.939308628439903259e+01 2.134026549756526947e+01 -2.779618665575981140e+01
4.258121207356452942e+01 -2.389814617112278938e+01 1.909311152994632721e+01
4.562083333730697632e+00 1.143892285414040089e+01 -2.841364443302154541e+00
-2.776011303067207336e+01 -3.380498264916241169e+01 3.405771337449550629e+01
-3.839556217193603516e+01 3.076834493316709995e+01 -8.061483353376388550e+00
1.392816245555877686e+01 -1.433961481787264347e+01 3.878940083086490631e+01
5.321559041738510132e+01 -4.445668198168277740e+00 -2.255729705095291138e+01
-7.875779002904891968e+01 -4.955912178382277489e+01 1.430329047143459320e+01
-4.947514906525611877e+01 1.205248805694282055e+01 2.200868338346481323e+01
6.253706619143486023e+01 -3.301023657433688641e+01 -1.110131300985813141e+01
2.461620345711708069e+01 2.477182319387793541e+01 7.354149371385574341e+00
-7.668226212263107300e+00 -2.029639527201652527e+01 -3.574610494077205658e+01
-2.865822464227676392e+00 2.804680878296494484e+01 3.664675250649452209e+01
2.981442019343376160e+01 -1.724239084869623184e+01 -5.213262662291526794e+00
6.804227963089942932e+01 1.532730131410062313e+01 1.144532471895217896e+01
-4.498098298907279968e+01 -2.995640582405030727e+01 -2.040491081774234772e+01
-7.426269888877868652e+01 -1.919047087430953979e+00 -1.340264290571212769e+01
5.872111856937408447e+01 -4.716301629319787025e+01 2.469818376004695892e+01
1.912545412778854370e+01 3.329479639418423176e+01 -3.844538912177085876e+01
-3.359347313642501831e+01 -1.194368031807243824e+01 9.665255919098854065e+00
-2.295832023024559021e+01 8.912343988195061684e+00 -3.370378822088241577e+01
9.759689122438430786e+00 -3.620113038457930088e+01 4.435528740286827087e+00
4.808703646063804626e+01 1.881385762244462967e+01 -1.820207223296165466e+01
-6.489830926060676575e+01 -2.629412425681948662e+01 2.994698680937290192e+01
-5.436627656221389771e+01 3.531724954955279827e+01 1.640174999833106995e+01
7.865789920091629028e+01 -9.750818042084574699e+00 -2.549789987504482269e+01
3.919834256172180176e+01 2.910414915531873703e+00 3.174968630075454712e+01
-1.348037660121917725e+01 -4.215216018259525299e+01 -1.402602344751358032e-01
-1.481050997972488403e+01 1.114527159370481968e+01 3.254179999232292175e+01
3.786202698945999146e+01 -3.409445972181856632e+01 -4.308545514941215515e+00
7.998454928398132324e+01 2.093143012374639511e+01 1.805569410324096680e+01
-5.304565608501434326e+01 -2.431379502639174461e+01 -2.880436368286609650e+01
-6.372487649321556091e+01 3.747336002998054028e+01 -1.734899044036865234e+01
4.926664665341377258e+01 -7.809026790782809258e+00 2.576169781386852264e+01
8.590059131383895874e+00 5.192866828292608261e+00 -3.199377730488777161e+01
-2.412192538380622864e+01 -4.009501382708549500e+01 1.107158735394477844e+00
-3.475600838661193848e+01 2.576444135978817940e+01 -3.710586428642272949e+01
1.795444786548614502e+01 -1.929962437599897385e+01 6.043314263224601746e+00
5.990179985761642456e+01 1.317127800546586514e+01 -1.229503706097602844e+01
-7.309064120054244995e+01 -3.189828156493604183e+01 2.084431298077106476e+01
-4.366173282265663147e+01 -4.036704078316688538e+00 1.284597083926200867e+01
6.936999604105949402e+01 -4.914325835183262825e+01 -2.404400937259197235e+01
2.847673311829566956e+01 3.106178161688148975e+01 3.781057715415954590e+01
-4.194890707731246948e+00 -1.405026649124920368e+01 -9.089191630482673645e+00
-9.001566320657730103e+00 3.429225326515734196e+01 8.188386559486389160e+00
2.328401014208793640e+01 -1.095312141813337803e+01 -3.995161183178424835e+01
6.385928884148597717e+01 -8.064047619700431824e-01 2.369984969496726990e+01
-4.815162703394889832e+01 -4.604628695175051689e+01 -1.444990091025829315e+01
-7.758023977279663086e+01 1.574110413901507854e+01 -2.174511805176734924e+01
5.439199864864349365e+01 -2.954675438813865185e+01 1.015400238335132599e+01
1.276142925024032593e+01 2.833409784361720085e+01 -6.387473940849304199e+00
-3.956358999013900757e+01 -1.694826819002628326e+01 3.550193421542644501e+01
-2.892921194434165955e+01 2.622997108846902847e+00 -1.460936218500137329e+00
3.396725207567214966e+00 -4.244649741798639297e+01 3.039977021515369415e+01
4.375655040144920349e+01 3.490366130135953426e+01 -2.665257990360260010e+01
-6.821415975689888000e+01 -1.016034073196351528e+01 1.519833795726299286e+01
-5.753586441278457642e+01 1.770108655095100403e+01 2.845058619976043701e+01
7.447413831949234009e+01 -2.741106817498803139e+01 -1.964970119297504425e+01
3.266961812973022461e+01 7.915101693943142891e+00 3.417663425207138062e+00
-1.961748182773590088e+01 -3.719156053848564625e+01 -3.469245247542858124e+01
-1.628213241696357727e+01 2.187908482737839222e+01 -1.028925366699695587e+01
3.073000535368919373e+01 -2.305268396623432636e+01 2.157137632369995117e+01
7.142303660511970520e+01 9.187215343117713928e+00 -3.532464735209941864e+01
-5.586132034659385681e+01 -3.575004594400525093e+01 6.526194065809249878e+00
-6.518308937549591064e+01 3.888328289613127708e+00 3.977844245731830597e+01
4.214070796966552734e+01 -4.099821074865758419e+01 -8.321768790483474731e+00
2.967417240142822266e-03 3.908586176112294197e+01 1.458926968276500702e+01
-2.697049051523208618e+01 -5.806169770658016205e+00 -2.352077007293701172e+01
-3.633610054850578308e+01 1.401954328641295433e+01 1.951639778912067413e+01
1.063827052712440491e+01 -3.073656529188156128e+01 -2.862352445721626282e+01
5.150525256991386414e+01 2.390440660528838634e+01 3.487161092460155487e+01
-7.581702128052711487e+01 -2.085719446651637554e+01 -3.278063535690307617e+00
-4.524554580450057983e+01 2.985560219734907150e+01 -3.057328052818775177e+01
6.203789323568344116e+01 -1.485509892925620079e+01 1.325763463973999023e+00
2.011560618877410889e+01 -2.523940121755003929e+00 -1.505938641726970673e+01
-6.898059844970703125e+00 -4.724013374187052250e+01 2.682994529604911804e+01
-2.402968108654022217e+00 4.803915508091449738e-02 -2.593402795493602753e+01
2.562113493680953979e+01 -4.488937300629913807e+01 1.721507415175437927e+01
6.723518431186676025e+01 3.242740780115127563e+01 -9.669507294893264771e-01
-4.044345736503601074e+01 -1.250451052561402321e+01 3.217232286930084229e+01
-7.101461812853813171e+01 2.713409974239766598e+01 4.173980876803398132e+00
5.670346871018409729e+01 -1.775791100226342678e+01 -3.271592319011688232e+01
1.614348456263542175e+01 1.724906543269753456e+01 2.898233719170093536e+01
-3.184193387627601624e+01 -2.763745147734880447e+01 -1.791735544800758362e+01
-2.247600972652435303e+01 3.585612637922167778e+01 2.386965982615947723e+01
5.507885217666625977e+00 -8.905410990118980408e+00 -1.298060953617095947e+01
4.733860999345779419e+01 6.587625574320554733e-01 9.227303937077522278e+00
-6.038038998842239380e+01 -4.409728097729384899e+01 -3.763267770409584045e+01
-5.105952695012092590e+01 6.615365482866764069e+00 -6.177304312586784363e+00
7.662064298987388611e+01 -3.810093609616160393e+01 3.693330749869346619e+01
3.623582914471626282e+01 1.930740729905664921e+01 -2.066584117710590363e+01
-1.178735598921775818e+01 -2.540340044535696507e+01 1.243501842021942139e+01
-1.216309040784835815e+01 -4.790272796526551247e+00 -6.724226102232933044e+00
3.519572943449020386e+01 -4.989824428223073483e+01 3.513647571206092834e+01
7.702584326267242432e+01 3.040708901360630989e+01 -2.136899925768375397e+01
-5.006808161735534668e+01 -1.470637496560811996e+01 1.048192292451858521e+01
-6.074668332934379578e+01 2.510837060399353504e+01 2.316654466092586517e+01
4.630856171250343323e+01 -1.995436509139835835e+01 -1.493374794721603394e+01
5.923138111829757690e+00 1.241632945835590363e+01 8.680491819977760315e+00
-2.147512212395668030e+01 -3.265189873054623604e+01 -3.942961916327476501e+01
-3.209088742733001709e+01 3.822835098952054977e+01 3.470906242728233337e+00
1.530829071998596191e+01 -7.055452372878789902e+00 -3.466909736394882202e+01
5.692295104265213013e+01 5.848980331793427467e+00 2.843548931181430817e+01
-7.013076573610305786e+01 -3.944031552411615849e+01 -1.971425637602806091e+01
-4.070246174931526184e+01 1.180000727996230125e+01 -2.648090921342372894e+01
6.639054998755455017e+01 -3.343839466571807861e+01 1.541820660233497620e+01
2.583117559552192688e+01 2.168504226021468639e+01 -1.670144572854042053e+00
-1.529167741537094116e+00 -2.355885217897593975e+01 3.021926790475845337e+01
-6.648944169282913208e+00 1.845534845255315304e+01 -3.237022079527378082e+01
2.095035180449485779e+01 -2.665813765488564968e+01 7.789525389671325684e-01
6.181794360280036926e+01 8.570485804229974747e+00 -1.701252363622188568e+01
-4.612925514578819275e+01 -3.653750646859407425e+01 2.612683132290840149e+01
-7.555846512317657471e+01 3.277003066614270210e+00 1.756330348551273346e+01
5.235004901885986328e+01 -4.179107558913528919e+01 -2.932668134570121765e+01
1.042837291955947876e+01 3.565654337406158447e+01 3.307478033006191254e+01
-3.721036821603775024e+01 -9.406041447073221207e+00 -3.824984133243560791e+00
-2.659428879618644714e+01 1.498817864805459976e+01 3.782538868486881256e+01
1.042924076318740845e+00 -3.030101059004664421e+01 -9.024961441755294800e+00
4.173534557223320007e+01 2.768004880286753178e+01 1.279240332543849945e+01
-6.617408648133277893e+01 -1.760364660061895847e+01 -2.406765013933181763e+01
-5.549517005681991577e+01 3.363682640716433525e+01 -1.208615340292453766e+01
7.245355218648910522e+01 -1.160713307559490204e+01 2.102452963590621948e+01
3.031520068645477295e+01 -1.560709076002240181e+00 -3.727782033383846283e+01
-1.728318214416503906e+01 -4.679917472414672375e+01 5.823120623826980591e+00
-1.924144402146339417e+01 2.910271945409476757e+01 2.915370255708694458e+01
3.370941564440727234e+01 -1.560939754359424114e+01 -1.769657112658023834e+01
7.406862989068031311e+01 -3.177945408970117569e+00 3.964467197656631470e+00
-5.852700278162956238e+01 -4.789555624127388000e+01 -3.289550982415676117e+01
-6.784817457199096680e+01 1.336415850557386875e+01 -9.140132367610931396e-01
4.478690564632415771e+01 -3.139061869122087955e+01 3.219659365713596344e+01
2.981775701045989990e+00 2.315014537423849106e+01 -2.594943016767501831e+01
-2.993040174245834351e+01 -2.161012565717101097e+01 1.715143464505672455e+01
-3.931433424353599548e+01 4.642631933093070984e+00 -2.119823083281517029e+01
1.359631970524787903e+01 -4.024532230570912361e+01 1.195086635649204254e+01
5.417220935225486755e+01 3.974128928966820240e+01 -5.684283673763275146e+00
-7.846378400921821594e+01 -5.152158783748745918e+00 3.745499514043331146e+01
-4.789292961359024048e+01 2.253313319757580757e+01 8.891467154026031494e+00
6.470423132181167603e+01 -2.239730488508939743e+01 -3.799844123423099518e+01
2.307427167892456055e+01 9.940141504630446434e+00 2.424669399857521057e+01
-9.875670075416564941e+00 -3.499579041264951229e+01 -1.265299402177333832e+01
-4.443698227405548096e+00 7.370313359424471855e+00 1.479906871914863586e+01
2.764168053865432739e+01 -3.734731825999915600e+01 -2.334085844457149506e+01
6.958964228630065918e+01 1.996347872540354729e+01 3.960740178823471069e+01
-4.277772128582000732e+01 -2.474866040050983429e+01 -8.542267456650733948e+00
-7.334950074553489685e+01 3.651081831194460392e+01 -3.530892044305801392e+01
5.905730560421943665e+01 -8.249301845207810402e+00 6.590119227766990662e+00
1.816465362906455994e+01 1.412331946194171906e+00 -1.034190580248832703e+01
-3.388204768300056458e+01 -4.334229571744799614e+01 2.154743053019046783e+01
-2.449782013893127441e+01 2.638048693537712097e+01 -1.555208235979080200e+01
7.549794316291809082e+00 -1.851285317912697792e+01 2.630854330956935883e+01
4.967170685529708862e+01 1.659433041699230671e+01 -3.004060551524162292e+01
-6.273357599973678589e+01 -2.829351720400154591e+01 1.810240522027015686e+00
-5.341210857033729553e+01 -6.080750189721584320e-01 3.449486210942268372e+01
7.895433709025382996e+01 -4.554407063871622086e+01 -3.605354055762290955e+00
3.827713862061500549e+01 3.167241751216351986e+01 1.985255926847457886e+01
-1.380976840853691101e+01 -1.325808561407029629e+01 -2.825747527182102203e+01
-1.264547601342201233e+01 2.426291577517986298e+01 1.569869384169578552e+01
3.944760844111442566e+01 -2.049318106845021248e+01 -2.745109491050243378e+01
7.777434483170509338e+01 1.436140147037804127e+01 3.120281755924224854e+01
-5.458607599139213562e+01 -3.040018920786678791e+01 -1.937142685055732727e+00
-6.405335783958435059e+01 -2.890528272837400436e+00 -3.425069034099578857e+01
4.834574282169342041e+01 -4.760121833533048630e+01 2.638679668307304382e+00
8.885576426982879639e+00 2.951630837284028530e+01 -1.890524759888648987e+01
-2.316806763410568237e+01 -1.519987552426755428e+01 2.799391098320484161e+01
-3.255366668105125427e+01 9.526338009163737297e+00 -1.394958078861236572e+01
1.950150087475776672e+01 -3.540544117800891399e+01 2.290137521922588348e+01
5.772997125983238220e+01 2.224584480747580528e+01 -3.914852395653724670e+01
-7.466821625828742981e+01 -2.269142821431159973e+01 7.712144330143928528e+00
-4.395061761140823364e+01 3.874383174814283848e+01 3.594366058707237244e+01
6.840827494859695435e+01 -6.142717013135552406e+00 -7.166417166590690613e+00
2.881322026252746582e+01 3.529990278184413910e+00 1.089849650859832764e+01
-3.280782103538513184e+00 -4.136205231770873070e+01 -2.220182903110980988e+01
-8.708480894565582275e+00 1.003367155790328979e+00 2.005560636520385742e+01
2.424031883478164673e+01 -4.375815847888588905e+01 -1.180448956787586212e+01
6.352835655212402344e+01 3.621738229878246784e+01 5.557299107313156128e+00
-4.907009899616241455e+01 -8.538650842383503914e+00 -3.629300825297832489e+01
-7.978799328207969666e+01 1.897085988894104958e+01 -9.858366996049880981e+00
5.284914687275886536e+01 -2.574543062597513199e+01 3.824253089725971222e+01
1.492889508605003357e+01 6.251524081453680992e+00 -2.451049327850341797e+01
-3.798045948147773743e+01 -3.845927393995225430e+01 1.360023312270641327e+01
-2.859515666961669922e+01 3.279142136685550213e+01 -2.959310606122016907e+01
4.313284754753112793e+00 -1.214600118808448315e+01 1.854628212749958038e+01
4.346521466970443726e+01 3.844150714576244354e-01 -4.794520139694213867e+00
-6.917344897985458374e+01 -4.454751498997211456e+01 3.335462026298046112e+01
-5.970524206757545471e+01 1.688798100687563419e+01 3.379476070404052734e-01
7.289413139224052429e+01 -2.800403946079313755e+01 -3.156178303062915802e+01
3.487439170479774475e+01 2.678932297974824905e+01 2.529525443911552429e+01
-1.807287976145744324e+01 -1.809720499441027641e+01 -1.659476391971111298e+01
-1.594937890768051147e+01 1.280468951910734177e+01 -3.842111714184284210e+01
3.164785712957382202e+01 -3.225936582311987877e+01 9.718194603919982910e+00
7.113057076930999756e+01 2.542514720000326633e+01 -1.346628122031688690e+01
-5.681945085525512695e+01 -1.964440063573420048e+01 2.468278273940086365e+01
-6.735117480158805847e+01 3.142029112204909325e+01 1.166611023247241974e+01
4.055939927697181702e+01 -1.368625342845916748e+01 -2.023354426026344299e+01
2.208899706602096558e+00 -3.694845559075474739e+00 3.646716706454753876e+01
-2.542701855301856995e+01 -4.880688260309398174e+01 -5.422775149345397949e+00
-3.604172289371490479e+01 2.058940044604241848e+01 3.138392396271228790e+01
1.159327745437622070e+01 -2.465034260414540768e+01 -4.760958254337310791e-01
5.117547899484634399e+01 1.078693391755223274e+01 1.672936670482158661e+01
-7.673662334680557251e+01 -3.445830162614583969e+01 -2.512086451053619385e+01
-4.745460107922554016e+01 5.531989159062504768e+00 -1.868622310459613800e+01
6.049633368849754333e+01 -3.975040872581303120e+01 2.941459834575653076e+01
2.228194192051887512e+01 3.784011967480182648e+01 -3.318209938704967499e+01
-5.313770622014999390e+00 -7.447770703583955765e+00 4.928550571203231812e+00
-1.994867622852325439e-01 3.456711355596780777e+01 -2.777440473437309265e+00
2.716703876852989197e+01 -1.050237057730555534e+01 3.407343909144401550e+01
6.506466701626777649e+01 2.259155372157692909e+00 -2.782013364136219025e+01
-4.202231511473655701e+01 -4.280483492650091648e+01 1.904045820236206055e+01
-7.130465209484100342e+01 8.259706627577543259e+00 2.727197460830211639e+01
5.574288725852966309e+01 -3.685243837535381317e+01 -1.583802700042724609e+01
1.647868901491165161e+01 1.806234280578792095e+01 2.070560529828071594e+00
-3.092651396989822388e+01 -2.704430836252868176e+01 -3.102968886494636536e+01
-2.031212493777275085e+01 -1.167488852515816689e+00 7.026857659220695496e+00
7.094606310129165649e+00 -4.641287527047097683e+01 -3.612285494804382324e+01
4.512712284922599792e+01 3.394747683778405190e+01 2.237473137676715851e+01
-6.191949859261512756e+01 -1.129241574555635452e+01 -1.076515272259712219e+01
-5.138686865568161011e+01 2.869811107404530048e+01 -2.307870022952556610e+01
7.569858998060226440e+01 -1.658975851722061634e+01 1.381059333682060242e+01
3.653265774250030518e+01 1.607747972011566162e+01 -7.577007487416267395e+00
-1.083478093147277832e+01 -2.920489603653550148e+01 3.932207465171813965e+01
-1.067356705665588379e+01 2.851304041221737862e+01 -2.160417214035987854e+00
3.638137161731719971e+01 -1.642322342842817307e+01 3.094040483236312866e+01
7.584028214216232300e+01 1.591438389383256435e+01 -2.720317743718624115e+01
-5.155767649412155151e+01 -2.901638745330274105e+01 1.590747192502021790e+01
-6.208056941628456116e+01 -1.330591216683387756e+00 2.790972091257572174e+01
4.527855202555656433e+01 -4.622437121346592903e+01 -1.895029947161674500e+01
6.953076273202896118e+00 3.376240131445229053e+01 2.708297595381736755e+00
-2.014115497469902039e+01 -1.112588618882000446e+01 -3.414193302392959595e+01
-3.077523738145828247e+01 8.093175226822495461e+00 7.645196691155433655e+00
1.631746560335159302e+01 -3.666736335493624210e+01 -3.925445839762687683e+01
5.591370463371276855e+01 1.787384059280157089e+01 2.299311839044094086e+01
-7.144633471965789795e+01 -2.688120549544692039e+01 -1.389682322740554810e+01
-4.217375382781028748e+01 3.437860581092536449e+01 -2.244204081594944000e+01
6.522572830319404602e+01 -1.033927257172763348e+01 1.069727152585983276e+01
2.699607834219932556e+01 2.092619445174932480e+00 -6.940319761633872986e+00
-5.794718861579895020e-02 -4.261976644396781921e+01 3.620874360203742981e+01
-5.484740585088729858e+00 5.366188827902078629e+00 -3.655275069177150726e+01
2.242347195744514465e+01 -3.956468913704156876e+01 5.336542278528213501e+00
6.034490451216697693e+01 3.765234618447721004e+01 -1.159792400896549225e+01
-4.729353025555610657e+01 -7.284025615081191063e+00 2.030115872621536255e+01
-7.656581550836563110e+01 2.040162041783332825e+01 1.355281613767147064e+01
5.103378683328628540e+01 -2.448660204187035561e+01 -2.459689587354660034e+01
1.174456357955932617e+01 1.062112872488796711e+01 3.835380591452121735e+01
-3.620293676853179932e+01 -3.427258756943047047e+01 -9.786078780889511108e+00
-2.556855812668800354e+01 3.123457790352404118e+01 3.325089834630489349e+01
2.379860132932662964e+00 -1.352044605650007725e+01 -4.859102666378021240e+00
4.039833799004554749e+01 -3.858586959540843964e+00 1.859636940062046051e+01
-6.719973608851432800e+01 -4.861910475417971611e+01 -2.950388059020042419e+01
-5.667776823043823242e+01 1.264094258658587933e+01 -1.679850660264492035e+01
7.095975339412689209e+01 -3.207159283570945263e+01 2.505237236618995667e+01
3.180908054113388062e+01 2.523942945525050163e+01 -3.129433490335941315e+01
-1.610065549612045288e+01 -1.947859980165958405e+01 5.662575364112854004e-01
-1.792159363627433777e+01 1.707575952634215355e+01 2.442273452877998352e+01
3.471317782998085022e+01 -2.816778153181076050e+01 -1.368734262883663177e+01
7.306493923068046570e+01 2.695512968115508556e+01 9.924455583095550537e+00
-5.984693422913551331e+01 -1.828291754238307476e+01 -3.817587055265903473e+01
-6.932487815618515015e+01 3.295722287148237228e+01 -5.470496714115142822e+00
4.362628549337387085e+01 -1.233171960338950157e+01 3.638045869767665863e+01
4.142314791679382324e+00 5.721873883157968521e-01 -2.012257501482963562e+01
-2.845362663269042969e+01 -4.471126125194132328e+01 1.173809386789798737e+01
-3.781923606991767883e+01 1.913460564799606800e+01 -2.522489100694656372e+01
1.477761849761009216e+01 -2.593320478685200214e+01 1.666447840631008148e+01
5.299082949757575989e+01 6.437242999672889709e+00 -4.263143241405487061e-01
-7.995881065726280212e+01 -3.862507360056042671e+01 3.147284485399723053e+01
-4.923116028308868408e+01 1.189081883057951927e+00 4.724502116441726685e+00
6.367979526519775391e+01 -4.392396434210240841e+01 -3.342528603971004486e+01
2.409877926111221313e+01 3.638112219050526619e+01 2.968174189329147339e+01
-8.537520468235015869e+00 -8.726430200040340424e+00 -1.845821894705295563e+01
-3.422312140464782715e+00 3.890693528577685356e+01 1.881687909364700317e+01
2.898419022560119629e+01 -6.331219896674156189e+00 -2.808285214006900787e+01
6.824720412492752075e+01 3.715064628049731255e+00 3.432105079293251038e+01
-4.379918843507766724e+01 -4.152858304791152477e+01 -2.568966969847679138e+00
-7.452652409672737122e+01 9.711407162249088287e+00 -3.111418470740318298e+01
5.755916342139244080e+01 -3.557197777554392815e+01 2.025204077363014221e+00
1.966271474957466125e+01 2.240894214250147343e+01 -1.576871365308761597e+01
-3.270495280623435974e+01 -2.287993528880178928e+01 2.738042615354061127e+01
-2.333902806043624878e+01 -2.702019019052386284e+00 -1.083240613341331482e+01
9.027116000652313232e+00 -4.776431483216583729e+01 2.226849235594272614e+01
4.819430410861968994e+01 2.968284279108047485e+01 -3.603141635656356812e+01
-6.389229655265808105e+01 -1.538494551554322243e+01 7.079309448599815369e+00
-5.441525861620903015e+01 2.442944600246846676e+01 3.908155828714370728e+01
7.763266220688819885e+01 -2.067825726233422756e+01 -7.778538241982460022e+00
3.959888502955436707e+01 1.454990485683083534e+01 1.403638496994972229e+01
-1.280669942498207092e+01 -3.056329090148210526e+01 -2.281392179429531097e+01
-1.398058578372001648e+01 -4.415397625416517258e-01 1.041253328323364258e+01
3.841882124543190002e+01 -4.572914113290607929e+01 -2.147737450897693634e+01
7.880306050181388855e+01 3.186092592775821686e+01 3.522089526057243347e+01
-5.325088515877723694e+01 -1.342118160799145699e+01 -6.678793355822563171e+00
-6.256261557340621948e+01 2.656899116002023220e+01 -3.967715457081794739e+01
4.953016728162765503e+01 -1.867595537565648556e+01 8.471942022442817688e+00
7.701233029365539551e+00 1.676085980609059334e+01 -1.471009254455566406e+01
-2.465888142585754395e+01 -2.847859289497137070e+01 2.342918686568737030e+01
-3.402373984456062317e+01 3.669589316472411156e+01 -1.993997171521186829e+01
1.833546146750450134e+01 -8.415833413600921631e+00 2.817063458263874054e+01
5.889609172940254211e+01 1.575434980913996696e+00 -3.442850470542907715e+01
-7.319821462035179138e+01 -4.353079776279628277e+01 3.672360703349113464e+00
-4.263619124889373779e+01 7.533411197364330292e+00 3.012775301933288574e+01
6.941867232322692871e+01 -3.753582617267966270e+01 -1.722520068287849426e+00
2.780275136232376099e+01 2.014854737557470798e+01 1.548538371920585632e+01
-4.595127403736114502e+00 -2.491519615985453129e+01 -2.637459389865398407e+01
-9.714608788490295410e+00 2.271885295398533344e+01 2.601578578352928162e+01
2.292283296585083008e+01 -2.256310504861176014e+01 -1.708443097770214081e+01
6.484577089548110962e+01 1.010388642549514771e+01 8.265978097915649414e-01
-4.806389003992080688e+01 -3.518356407061219215e+01 -3.228343613445758820e+01
-7.862500742077827454e+01 4.806372663006186485e+00 -4.031168818473815918e+00
5.432348594069480896e+01 -4.043310216628015041e+01 3.282945744693279266e+01
1.345463708043098450e+01 3.992700317874550819e+01 -2.906655684113502502e+01
-3.914351686835289001e+01 -5.317964144051074982e+00 1.778428860008716583e+01
-2.977897256612777710e+01 1.352996570989489555e+01 -2.433471739292144775e+01
2.820704877376556396e+00 -3.157633207738399506e+01 1.256432287395000458e+01
4.495787560939788818e+01 2.333792339079082012e+01 -8.820836693048477173e+00
-6.798970460891723633e+01 -2.177386688999831676e+01 3.806849904358386993e+01
-5.867828890681266785e+01 2.929049227386713028e+01 5.773262828588485718e+00
7.422984376549720764e+01 -1.577314464375376701e+01 -3.736666493117809296e+01
3.353860780596733093e+01 -3.012144407257437706e+00 2.112847983837127686e+01
-1.909975185990333557e+01 -4.808127381838858128e+01 -1.202118881046772003e+01
-1.742486476898193359e+01 3.347308450378477573e+01 -3.300686113536357880e+01
3.048601806163787842e+01 -1.141935438849031925e+01 3.892255276441574097e+00
7.229232877492904663e+01 -1.746421791613101959e+00 -1.764923043549060822e+01
-5.534389346837997437e+01 -4.663336819037795067e+01 2.924018144607543945e+01
-6.603254690766334534e+01 1.480246040038764477e+01 1.694494538009166718e+01
4.156438514590263367e+01 -3.013520891778171062e+01 -2.619505882263183594e+01
1.203985363245010376e+00 2.751630237326025963e+01 3.245641238987445831e+01
-2.674572750926017761e+01 -1.741587445139884949e+01 -6.933327019214630127e-01
-3.738117605447769165e+01 3.089228738099336624e+00 3.718762330710887909e+01
1.057006508111953735e+01 -4.162732999771833420e+01 -5.912669897079467773e+00
5.219876289367675781e+01 3.549074388109147549e+01 1.215468533337116241e+01
-7.539725124835968018e+01 -9.220322361215949059e+00 -2.095542505383491516e+01
-4.595828518271446228e+01 1.828954242169857025e+01 -1.270315758883953094e+01
6.167641356587409973e+01 -2.647242309525609016e+01 2.415754482150077820e+01
2.110178098082542419e+01 8.382706614211201668e+00 -3.789479561150074005e+01
-6.810014992952346802e+00 -3.637376640923321247e+01 8.956125974655151367e+00
-1.377729028463363647e+00 1.161150456406176090e+01 -8.611961677670478821e+00
2.567011430859565735e+01 -3.327529096044600010e+01 3.949872076511383057e+01
6.656151041388511658e+01 2.151851136237382889e+01 -2.325674466788768768e+01
-4.084400132298469543e+01 -2.337377799674868584e+01 1.484419688582420349e+01
-7.028204232454299927e+01 3.806181455962359905e+01 2.129958935081958771e+01
5.708417445421218872e+01 -6.870383052155375481e+00 -1.055076017975807190e+01
1.513747334480285645e+01 5.660473089665174484e+00 6.813470050692558289e+00
-3.194920480251312256e+01 -3.927721835672855377e+01 -3.504658401012420654e+01
-2.131405130028724670e+01 2.494527393952012062e+01 1.584219411015510559e+00
5.771708935499191284e+00 -1.976585600525140762e+01 -3.030576482415199280e+01
4.645009174942970276e+01 1.223125963471829891e+01 2.654883138835430145e+01
-6.091765329241752625e+01 -3.248536414466798306e+01 -1.535093367099761963e+01
-5.022929549217224121e+01 -4.975349158048629761e+00 -2.834929473698139191e+01
7.717712938785552979e+01 -4.973171422258019447e+01 1.979987800121307373e+01
3.505403727293014526e+01 3.024398748762905598e+01 -3.538482710719108582e+00
-1.199228256940841675e+01 -1.451787141151726246e+01 3.460087284445762634e+01
-1.162613257765769958e+01 6.781858829781413078e+00 -2.905235745012760162e+01
3.608455255627632141e+01 -3.828596199862658978e+01 1.784668713808059692e+01
7.676232561469078064e+01 1.949587246403098106e+01 -4.085347279906272888e+00
-5.123034432530403137e+01 -2.556645587086677551e+01 3.280398383736610413e+01
-6.054145127534866333e+01 3.604458534158766270e+01 1.037311926484107971e+00
4.749004870653152466e+01 -9.068470606580376625e+00 -3.210261091589927673e+01
5.366345643997192383e+00 8.252507075667381287e-01 2.584565900266170502e+01
-2.230504930019378662e+01 -4.428231274709105492e+01 -1.730401486158370972e+01
-3.169064775109291077e+01 2.731913201510906219e+01 2.075264610350131989e+01
1.598227068781852722e+01 -1.792439730837941170e+01 -1.234756574034690857e+01
5.687427654862403870e+01 1.741212454624474049e+01 6.110338196158409119e+00
-7.115631029009819031e+01 -2.782591228373348713e+01 -3.699970096349716187e+01
-4.059488654136657715e+01 2.110924012959003448e-01 -9.315060153603553772e+00
6.739625513553619385e+01 -4.507783900946378708e+01 3.754557043313980103e+01
2.545016497373580933e+01 3.261243588291108608e+01 -2.380356870591640472e+01
-2.261438071727752686e+00 -1.267100303433835506e+01 1.304727211594581604e+01
-7.069020271301269531e+00 3.004136319272220135e+01 -1.465623758733272552e+01
2.025714576244354248e+01 -1.502094301395118237e+01 2.345437362790107727e+01
6.188645452260971069e+01 -2.360149938613176346e+00 -3.969164051115512848e+01
-4.508448451757431030e+01 -4.742794997990131378e+01 8.409219682216644287e+00
-7.564620390534400940e+01 1.418332726694643497e+01 3.539073549211025238e+01
5.136356994509696960e+01 -3.092438572086393833e+01 -6.459533274173736572e+00
1.078954711556434631e+01 2.409016240388154984e+01 1.020149566233158112e+01
-3.649732396006584167e+01 -2.102304441854357719e+01 -2.165848657488822937e+01
-2.711202055215835571e+01 4.054176062345504761e+00 1.514802180230617523e+01
1.739373803138732910e-01 -4.118396738544106483e+01 -2.674188166856765747e+01
4.197963714599609375e+01 3.927368436940014362e+01 3.050326324999332428e+01
-6.503166019916534424e+01 -5.969952913001179695e+00 -1.396429985761642456e+00
-5.571962818503379822e+01 2.206690156832337379e+01 -3.495997689664363861e+01
7.125222876667976379e+01 -2.321647230535745621e+01 3.189124614000320435e+00
3.089121922850608826e+01 9.353058924898505211e+00 -1.944603480398654938e+01
-1.643341854214668274e+01 -3.593580878339707851e+01 2.869323939085006714e+01
-1.946620523929595947e+01 1.753730407916009426e+01 6.320161968469619751e+00
3.250839471817016602e+01 -2.722324623726308346e+01 -3.556981764733791351e+01
7.464495569467544556e+01 7.729344386607408524e+00 2.183165341615676880e+01
-5.767754703760147095e+01 -3.702571209520101547e+01 -1.006811596453189850e+01
-6.836559846997261047e+01 2.437234940007328987e+00 -2.363166302442550659e+01
4.391761168837547302e+01 -4.228065450675785542e+01 1.451751492917537689e+01
3.225764781236648560e+00 3.473987229168415070e+01 -8.273970931768417358e+00
-2.878767237067222595e+01 -9.972523320466279984e+00 3.986537970602512360e+01
-3.940237611532211304e+01 1.555328857153654099e+01 -3.328073918819427490e+00
1.261014312505722046e+01 -2.938296487554907799e+01 3.478261373937129974e+01
5.453369081020355225e+01 2.816825308836996555e+01 -2.851972684264183044e+01
-7.775104761123657227e+01 -1.676250652410089970e+01 1.958120979368686676e+01
-4.831269785761833191e+01 3.412640398368239403e+01 2.656272545456886292e+01
6.401071801781654358e+01 -1.076736629009246826e+01 -1.528761945664882660e+01
2.314248010516166687e+01 -9.942258615046739578e-01 1.529735624790191650e+00
-8.830596357583999634e+00 -4.588250230066478252e+01 -3.033032275736331940e+01
-4.336430281400680542e+00 -4.225164214149117470e+00 3.192463487386703491e+01
2.864769354462623596e+01 -4.898019990883767605e+01 -1.175653114914894104e+00
6.920893475413322449e+01 3.089529464021325111e+01 1.743857696652412415e+01
-4.351029410958290100e+01 -1.386523354798555374e+01 -2.567153833806514740e+01
-7.294895857572555542e+01 2.559794952161610126e+01 -1.798689767718315125e+01
5.973098248243331909e+01 -1.911459696479141712e+01 2.887380935251712799e+01
1.811567127704620361e+01 1.298281133174896240e+01 -3.263165622949600220e+01
-3.490728497505187988e+01 -3.173522764816880226e+01 4.219261035323143005e+00
-2.429289534687995911e+01 3.731030527502298355e+01 -3.772404000163078308e+01
8.731589168310165405e+00 -7.620562296360731125e+00 9.175081029534339905e+00
4.911521747708320618e+01 5.007840255275368690e+00 -1.291327983140945435e+01
-6.356380566954612732e+01 -3.992851980961859226e+01 2.397612772881984711e+01
-5.287484824657440186e+01 1.096024049445986748e+01 1.220945566892623901e+01
7.984285712242126465e+01 -3.392797224223613739e+01 -2.093054331839084625e+01
3.801331311464309692e+01 2.076836983673274517e+01 3.717405274510383606e+01
-1.497172385454177856e+01 -2.412533539347350597e+01 -5.975697264075279236e+00
-1.365118443965911865e+01 3.513222347944974899e+01 3.853463232517242432e+01
3.934003472328186035e+01 -9.584324862807989120e+00 -9.575363472104072571e+00
7.850661307573318481e+01 2.747359657660126686e+00 1.333323344588279724e+01
-5.420506268739700317e+01 -4.196369484998285770e+01 -2.476702146232128143e+01
-6.472733929753303528e+01 8.749284204095602036e+00 -1.153552427887916565e+01
4.794550642371177673e+01 -3.601267158985137939e+01 2.031535930931568146e+01
9.911118298768997192e+00 1.862882602028548717e+01 -3.657822310924530029e+01
-2.311939105391502380e+01 -2.612763593904674053e+01 5.282365009188652039e+00
-3.373515576124191284e+01 -2.085533225908875465e+00 -3.181726232171058655e+01
1.929627150297164917e+01 -4.697798385284841061e+01 7.203526794910430908e-02
5.855989515781402588e+01 3.310633542016148567e+01 -1.631555616855621338e+01
-7.411142230033874512e+01 -1.178062137216329575e+01 2.558352224528789520e+01
-4.483944341540336609e+01 2.785834294743835926e+01 1.826999366283416748e+01
6.787131920456886292e+01 -1.707933743484318256e+01 -2.987971313297748566e+01
2.997548148036003113e+01 1.516080863773822784e+01 3.361786350607872009e+01
-3.017261177301406860e+00 -2.977137790992856026e+01 -4.522026106715202332e+00
-7.507155388593673706e+00 1.188664380460977554e+01 2.927556484937667847e+00
2.446477428078651428e+01 -3.282447574660181999e+01 -3.397209398448467255e+01
6.267859622836112976e+01 2.458400712348520756e+01 2.772860765457153320e+01
-4.964611902832984924e+01 -2.013260492123663425e+01 -1.916133828461170197e+01
-7.891900390386581421e+01 3.058052433654665947e+01 -2.717799186706542969e+01
5.336687654256820679e+01 -1.417583100497722626e+01 1.596132569015026093e+01
1.378647029399871826e+01 -4.611517982557415962e+00 -2.223140746355056763e+00
-3.822475433349609375e+01 -4.937336581759154797e+01 3.092591769993305206e+01
-2.760867431759834290e+01 2.115450902841985226e+01 -7.423557043075561523e+00
4.401022046804428101e+00 -2.373229823075234890e+01 3.567727021872997284e+01
4.275217249989509583e+01 1.127513954415917397e+01 -2.191943719983100891e+01
-6.953462585806846619e+01 -3.361716020852327347e+01 1.119120724499225616e+01
-5.901203453540802002e+01 6.021568076685070992e+00 2.262582942843437195e+01
7.331420421600341797e+01 -3.891064059920608997e+01 -1.423418633639812469e+01
3.382962375879287720e+01 3.840660154819488525e+01 7.971285581588745117e+00
-1.814139276742935181e+01 -6.531099621206521988e+00 -3.887894935905933380e+01
-1.525586828589439392e+01 1.942012235522270203e+00 -1.609539441764354706e+01
3.206762745976448059e+01 -4.316970260813832283e+01 2.700550898909568787e+01
7.008549556136131287e+01 3.703517642803490162e+01 -3.074752457439899445e+01
-5.688765600323677063e+01 -8.071045922115445137e+00 2.363196015357971191e+00
-6.636500030755996704e+01 1.979002730920910835e+01 3.379781834781169891e+01
4.064744383096694946e+01 -2.527919899672269821e+01 -3.062273859977722168e+00
1.496160030364990234e+00 7.191542452201247215e+00 1.929952450096607208e+01
-2.578849852085113525e+01 -3.787219136022031307e+01 -2.755078688263893127e+01
-3.517243042588233948e+01 3.220296683721244335e+01 1.409970037639141083e+01
1.211070463061332703e+01 -1.308464492671191692e+01 -2.280002653598785400e+01
5.003274694085121155e+01 -8.319118991494178772e-02 3.905700154602527618e+01
-7.698061034083366394e+01 -4.536531046032905579e+01 -7.833020836114883423e+00
-4.625358343124389648e+01 1.642174803651869297e+01 -3.584967426955699921e+01
6.072109639644622803e+01 -2.882320822216570377e+01 7.289719432592391968e+00
2.143248409032821655e+01 2.620224174112081528e+01 -1.105107314884662628e+01
-5.890093743801116943e+00 -1.903722202405333519e+01 2.209806144237518311e+01
-1.088005304336547852e+00 2.367445990443229675e+01 -2.048894830048084259e+01
2.662977516651153564e+01 -2.143182614818215370e+01 1.140042543411254883e+01
6.622662514448165894e+01 1.389379655010998249e+01 -5.143492147326469421e+00
-4.175849169492721558e+01 -3.121798333711922169e+01 3.675566241145133972e+01
-7.248644366860389709e+01 -3.356759902089834213e+00 9.442133978009223938e+00
5.553796097636222839e+01 -4.842038575559854507e+01 -3.870764926075935364e+01
1.730892077088356018e+01 2.892922579310834408e+01 2.494625382125377655e+01
-3.037002727389335632e+01 -1.613989389501512051e+01 -1.319371223449707031e+01
-2.098579913377761841e+01 1.046498174779117107e+01 2.970662243664264679e+01
6.694062054157257080e+00 -3.481698664836585522e+01 -1.840344980359077454e+01
4.615236163139343262e+01 2.306364027783274651e+01 4.661473557353019714e+00
-6.187051951885223389e+01 -2.222382195293903351e+01 -3.343885779380798340e+01
-5.239287957549095154e+01 3.956300050951540470e+01 -2.073604613542556763e-01
7.559131935238838196e+01 -5.676484042778611183e+00 3.164359927177429199e+01
3.726523384451866150e+01 4.470007307827472687e+00 -2.540630929172039032e+01
-1.045407488942146301e+01 -4.077497107908129692e+01 1.645435497164726257e+01
-1.011865511536598206e+01 4.156160522252321243e+00 2.711968101561069489e+01
3.693041011691093445e+01 -4.056000124663114548e+01 -1.598114117980003357e+01
7.530106082558631897e+01 3.934803134761750698e+01 2.242998108267784119e+00
-5.210322663187980652e+01 -5.362637927755713463e+00 -3.086765140295028687e+01
-6.154128074645996094e+01 2.285013191401958466e+01 -2.946804538369178772e+00
4.582371890544891357e+01 -2.191143663600087166e+01 3.391321569681167603e+01
6.397777497768402100e+00 1.015259710140526295e+01 -2.766968809068202972e+01
-2.069012016057968140e+01 -3.460347895510494709e+01 1.918054237961769104e+01
-3.007557854056358337e+01 2.889013611711561680e+01 -2.260658718645572662e+01
1.701384738087654114e+01 -1.600192726589739323e+01 1.429306775331497192e+01
5.520810708403587341e+01 -3.494725860655307770e+00 -8.030202016234397888e+00
-7.215597465634346008e+01 -4.838129675015807152e+01 3.885973945260047913e+01
-4.146762758493423462e+01 1.375711503438651562e+01 7.481861487030982971e+00
6.593513637781143188e+01 -3.118017877452075481e+01 -3.565745100378990173e+01
2.629618167877197266e+01 2.363665601238608360e+01 2.189958356320858002e+01
-7.537966966629028320e-01 -2.129514530301094055e+01 -1.124947994947433472e+01
-6.186387836933135986e+00 2.598735773935914040e+01 1.151566706597805023e+01
2.172815352678298950e+01 -1.872346106916666031e+01 -2.037362605333328247e+01
6.105034470558166504e+01 1.610798775218427181e+01 3.663653351366519928e+01
-4.658221662044525146e+01 -2.860832489095628262e+01 -5.262549370527267456e+00
-7.727087840437889099e+01 -3.956623375415802002e-01 -3.859355233609676361e+01
5.032239034771919250e+01 -4.515171626582741737e+01 9.556159526109695435e+00
1.244613394141197205e+01 3.198937331326305866e+01 -1.331398524343967438e+01
-3.550724461674690247e+01 -1.277217444963753223e+01 2.482589930295944214e+01
-2.612210154533386230e+01 7.053489992395043373e+00 -1.821107767522335052e+01
1.830359101295471191e+00 -3.783301585353910923e+01 2.989892318844795227e+01
4.093831747770309448e+01 1.975085247308015823e+01 -3.363710559904575348e+01
-6.665647953748703003e+01 -2.514114720746874809e+01 4.463144242763519287e+00
-5.721751943230628967e+01 3.699745769612491131e+01 3.183711610734462738e+01
7.041595503687858582e+01 -7.934450237080454826e+00 -1.376301050186157227e-02
3.236208572983741760e+01 1.805417221039533615e+00 1.625725127756595612e+01
-1.555093213915824890e+01 -4.313198454678058624e+01 -2.560334131121635437e+01
-1.847612589597702026e+01 3.844432061538100243e+01 -9.383219182491302490e+00
3.416498154401779175e+01 -6.667695641517639160e+00 3.872685812413692474e+01
7.360377609729766846e+01 6.158163426443934441e+00 -2.496549710631370544e+01
-5.930222153663635254e+01 -3.894835899583995342e+01 1.313482917845249176e+01
-6.986333057284355164e+01 1.141319166868925095e+01 2.050880089402198792e+01
4.308150187134742737e+01 -3.365633537992835045e+01 -1.134215436875820160e+01
4.696772545576095581e+00 2.119368352927267551e+01 5.085186064243316650e+00
-2.790503993630409241e+01 -2.387034968473017216e+01 -3.677548266947269440e+01
-3.851988971233367920e+01 -4.299047170206904411e+00 1.875020563602447510e-01
1.408100962638854980e+01 -4.958695967681705952e+01 -3.170186720788478851e+01
5.369741708040237427e+01 3.079411752521991730e+01 2.546461850404739380e+01
-7.924893885850906372e+01 -1.448830114677548409e+01 -1.643454052507877350e+01
-4.993751719594001770e+01 2.479889146052300930e+01 -2.976554363965988159e+01
6.296939834952354431e+01 -2.044636621139943600e+01 1.838424466550350189e+01
2.479890182614326477e+01 1.220040442422032356e+01 -4.642226547002792358e+00
-7.840677350759506226e+00 -3.303935941308736801e+01 3.349773444235324860e+01
-2.721501141786575317e+00 1.529749048873782158e+01 -3.377857491374015808e+01
2.967912539839744568e+01 -2.980918280780315399e+01 3.121156468987464905e+00
6.754260495305061340e+01 2.789614717476069927e+01 -1.935843974351882935e+01
-4.451012358069419861e+01 -1.721601861529052258e+01 2.753157816827297211e+01
-7.382184088230133057e+01 3.314542476087808609e+01 1.615370005369186401e+01
5.826971769332885742e+01 -1.191858766600489616e+01 -2.698568858206272125e+01
1.896152883768081665e+01 -1.947567602619528770e+00 3.072767212986946106e+01
-3.339980751276016235e+01 -4.701707252301275730e+01 -2.421467527747154236e+00
-2.278525397181510925e+01 1.884233404882252216e+01 3.579136461019515991e+01
9.577605873346328735e+00 -2.644002092070877552e+01 -7.309533730149269104e+00
4.765409871935844421e+01 9.061668515205383301e+00 1.107093170285224915e+01
-6.443654671311378479e+01 -3.622617894783616066e+01 -2.203979395329952240e+01
-5.387451261281967163e+01 3.061206778511404991e+00 -1.411894723773002625e+01
7.817668765783309937e+01 -4.217866501770913601e+01 2.274114944040775299e+01
3.904488980770111084e+01 3.534719297662377357e+01 -3.899808079004287720e+01
-1.335665464401245117e+01 -9.898171313107013702e+00 7.852226123213768005e+00
-1.468032687902450562e+01 2.090505939908325672e+01 -3.544961705803871155e+01
3.772251218557357788e+01 -2.416314800269901752e+01 6.440290883183479309e+00
7.950873076915740967e+01 1.099805243313312531e+01 -1.018228590488433838e+01
-5.254132747650146484e+01 -3.406466113403439522e+01 2.171740286052227020e+01
-6.326866909861564636e+01 5.046943342313170433e+00 1.463641822338104248e+01
4.882067695260047913e+01 -4.006649984978139400e+01 -2.351267822086811066e+01
8.401047438383102417e+00 3.744828464463353157e+01 3.974991306662559509e+01
-2.396295920014381409e+01 -7.659664712846279144e+00 -8.389366194605827332e+00
-3.457857906818389893e+01 1.319631164893507957e+01 3.497979223728179932e+01
1.778634071350097656e+01 -3.204760491847991943e+01 -3.130813911557197571e+00
5.943523079156875610e+01 2.591032612137496471e+01 1.938776835799217224e+01
-7.265259176492691040e+01 -1.932809661142528057e+01 -2.871309690177440643e+01
-4.317556217312812805e+01 3.120912801474332809e+01 -1.508914366364479065e+01
6.887357816100120544e+01 -1.408018996939063072e+01 2.676112957298755646e+01
2.835812285542488098e+01 -4.010208463296294212e+00 -3.052246749401092529e+01
-4.046244472265243530e+00 -4.929403261281549931e+01 1.337510272860527039e+00
-9.161147624254226685e+00 -9.564990829676389694e-01 -1.056522130966186523e+00
2.347240671515464783e+01 -4.601910603232681751e+01 3.204369477927684784e+01
6.430586412549018860e+01 3.426300704479217529e+01 -2.578677728772163391e+01
-4.860722884535789490e+01 -1.080509239807724953e+01 1.732325680553913116e+01
-7.808518350124359131e+01 2.830631895922124386e+01 2.899408504366874695e+01
5.486720204353332520e+01 -1.680169544182717800e+01 -1.786654107272624969e+01
1.290154963731765747e+01 1.559247681871056557e+01 4.105166196823120117e+00
-3.969316750764846802e+01 -2.952103007584810257e+01 -3.274567909538745880e+01
-2.907725259661674500e+01 3.505233539268374443e+01 9.373326748609542847e+00
3.515941053628921509e+00 -1.018610946834087372e+01 -3.752571336925029755e+01
4.425235316157341003e+01 2.650820417329668999e+00 2.378375291824340820e+01
-6.870094552636146545e+01 -4.259311693720519543e+01 -1.310558266937732697e+01
-5.797330826520919800e+01 7.944214977324008942e+00 -2.073344230651855469e+01
7.494131296873092651e+01 -3.733945963904261589e+01 1.240648560225963593e+01
3.283711016178131104e+01 1.785105095244944096e+01 -6.169216185808181763e+00
-1.979552626609802246e+01 -2.743811615742743015e+01 3.698045261204242706e+01
-1.672428146004676819e+01 9.138187998905777931e+00 1.804516546428203583e+01
3.118270680308341980e+01 -3.562206090427935123e+01 -2.885395109653472900e+01
7.158582106232643127e+01 2.175315435975790024e+01 3.261184163391590118e+01
-5.605383560061454773e+01 -2.300160204991698265e+01 -4.277570396661758423e+00
-6.532611012458801270e+01 3.896122160367667675e+01 -3.190542988479137421e+01
4.227471172809600830e+01 -5.756367100402712822e+00 1.234574168920516968e+00
5.037924647331237793e-01 3.840590920299291611e+00 -1.749745376408100128e+01
-2.744249075651168823e+01 -4.087150529026985168e+01 2.565229117870330811e+01
-3.682656392455101013e+01 2.395209686830639839e+01 -1.222866468131542206e+01
1.111819103360176086e+01 -2.098385583609342575e+01 2.087162837386131287e+01
5.165985569357872009e+01 1.414413935504853725e+01 -3.711516983807086945e+01
-7.594188407063484192e+01 -3.078632085584104061e+01 5.994940400123596191e+00
-4.541990309953689575e+01 -2.397877052426338196e+00 3.766576878726482391e+01
6.222127705812454224e+01 -4.729134591296315193e+01 -9.194933772087097168e+00
2.054740309715270996e+01 2.990475979633629322e+01 1.293309994041919708e+01
-7.358672022819519043e+00 -1.498321657069027424e+01 -2.391782179474830627e+01
-1.931573450565338135e+00 3.229860217310488224e+01 2.365147717297077179e+01
2.511970430612564087e+01 -1.245604627765715122e+01 -1.445920541882514954e+01
6.710179567337036133e+01 -3.863684833049774170e-03 8.215703293681144714e+00
-4.029982149600982666e+01 -4.476400597020983696e+01 -3.988523840904235840e+01
-7.082270845770835876e+01 1.719862456433475018e+01 -6.261285021901130676e+00
5.654007866978645325e+01 -2.751353534869849682e+01 3.558906435966491699e+01
1.569139823317527771e+01 2.700675575062632561e+01 -2.185085885226726532e+01
-3.139916971325874329e+01 -1.771089799702167511e+01 1.000919505953788757e+01
-2.201478242874145508e+01 7.861479558050632477e-01 -2.662160821259021759e+01
5.076703429222106934e+00 -4.414433304220438004e+01 1.526837587356567383e+01
4.715462058782577515e+01 3.590660630725324154e+01 -1.510527059435844421e+00
-6.020663827657699585e+01 -9.029368525370955467e+00 3.038923785090446472e+01
-5.093404904007911682e+01 1.935918256640434265e+01 3.308253362774848938e+00
7.646665498614311218e+01 -2.552864292636513710e+01 -3.484091952443122864e+01
3.575530305504798889e+01 6.744046555832028389e+00 2.857799820601940155e+01
-1.129749819636344910e+01 -3.814927277155220509e+01 -1.956135749816894531e+01
-1.232770115137100220e+01 3.045757028274238110e+01 4.011316075921058655e+00
3.538885980844497681e+01 -1.483033115975558758e+01 -3.288772866129875183e+01
7.746738672256469727e+01 -4.662888739258050919e+00 2.912486277520656586e+01
-5.051894724369049072e+01 -4.994529768824577332e+01 -1.776446849107742310e+01
-6.124689325690269470e+01 1.254500919021666050e+01 -2.607470072805881500e+01
4.677873566746711731e+01 -3.270023674704134464e+01 1.706522196531295776e+01
6.067994683980941772e+00 2.516014721244573593e+01 -8.073546737432479858e-01
-2.160973146557807922e+01 -2.007960623130202293e+01 3.234231904149055481e+01
-3.224365472793579102e+01 5.797078832983970642e+00 -5.714341774582862854e+00
1.543254792690277100e+01 -3.931494714692234993e+01 3.738586992025375366e+01
5.741402953863143921e+01 3.809954402036964893e+01 -2.114772699773311615e+01
-7.061251252889633179e+01 -7.006989466026425362e+00 1.196231201291084290e+01
-4.113486424088478088e+01 2.155769692733883858e+01 2.435457564890384674e+01
6.685299798846244812e+01 -2.351184051483869553e+01 -1.250605508685112000e+01
2.600370660424232483e+01 1.174956775270402431e+01 8.762527331709861755e+00
-1.711936444044113159e+00 -3.331447719596326351e+01 -3.808831363916397095e+01
-6.513719707727432251e+00 8.695080531761050224e+00 3.961884878575801849e+01
2.080611035227775574e+01 -3.658726337365806103e+01 -8.491762578487396240e+00
6.134716406464576721e+01 1.850304005667567253e+01 1.472994484007358551e+01
-4.562965080142021179e+01 -2.678479768335819244e+01 -2.337091550230979919e+01
-7.510698437690734863e+01 3.570570231415331364e+01 -1.043177686631679535e+01
5.190912067890167236e+01 -9.534157747402787209e+00 2.141849175095558167e+01
1.023463696241378784e+01 3.403064794838428497e+00 -3.516198016703128815e+01
-3.704636305570602417e+01 -4.184228910133242607e+01 6.698001921176910400e+00
-2.641212567687034607e+01 2.755411699414253235e+01 -3.010850630700588226e+01
8.697874844074249268e-01 -1.755256602540612221e+01 1.781397014856338501e+00
4.127351269125938416e+01 1.493915264494717121e+01 -1.554430462419986725e+01
-6.574106886982917786e+01 -3.017302420921623707e+01 2.635538846254348755e+01
-5.501402884721755981e+01 -1.608445104211568832e+00 1.999828122556209564e+01
7.196186810731887817e+01 -4.667246792465448380e+01 -2.815082043409347534e+01
3.019155859947204590e+01 3.351218490861356258e+01 3.440864600241184235e+01
-1.712979972362518311e+01 -1.155733174644410610e+01 -3.730628341436386108e+00
-1.876501992344856262e+01 -3.150120759382843971e+00 -2.128034144639968872e+01
3.320325121283531189e+01 -4.804217441938817501e+01 1.060963831841945648e+01
7.394027307629585266e+01 2.925139220431447029e+01 -6.872389763593673706e+00
-5.838810309767723083e+01 -1.563516762107610703e+01 3.502737976610660553e+01
-6.766099870204925537e+01 2.330010843463242054e+01 8.670272380113601685e+00
4.462854504585266113e+01 -2.163717498071491718e+01 -3.947890542447566986e+01
2.524953186511993408e+00 1.339327313005924225e+01 2.323688715696334839e+01
-2.948260575532913208e+01 -3.153851645067334175e+01 -1.490246333181858063e+01
-3.884838029742240906e+01 3.971204441040754318e+01 2.829099014401435852e+01
1.316009655594825745e+01 -5.004128422588109970e+00 -1.981969736516475677e+01
5.399294421076774597e+01 4.492536270990967751e+00 3.558336198329925537e+00
-7.829507127404212952e+01 -4.021814272738993168e+01 -3.454260028898715973e+01
-4.777249306440353394e+01 9.791512843221426010e+00 -1.603461802005767822e+00
6.455496996641159058e+01 -3.497006744146347046e+01 3.024688325822353363e+01
2.258870661258697510e+01 2.250535565428435802e+01 -2.648991510272026062e+01
-9.381088018417358398e+00 -2.225073079578578472e+01 1.537014342844486237e+01
-4.890888631343841553e+00 2.010936214588582516e+01 -1.688602551817893982e+01
2.809910863637924194e+01 -2.477713397704064846e+01 2.621426261961460114e+01
6.974738776683807373e+01 7.395348343998193741e+00 -3.247566074132919312e+01
-4.296551227569580078e+01 -3.749664027243852615e+01 6.344547122716903687e-01
-7.348779484629631042e+01 1.438828902319073677e+00 3.302671819925308228e+01
5.918626800179481506e+01 -4.349306863732635975e+01 -3.833988681435585022e+00
1.867020294070243835e+01 3.665816336870193481e+01 1.759091988205909729e+01
-3.435908690094947815e+01 -8.279226664453744888e+00 -2.925999723374843597e+01
-2.499301731586456299e+01 1.644710991531610489e+01 1.268330365419387817e+01
8.034744262695312500e+00 -2.826371995732188225e+01 -2.421581722795963287e+01
4.982157379388809204e+01 2.635411755181849003e+01 3.795310035347938538e+01
-6.285340696573257446e+01 -1.836220481432974339e+01 -8.936307057738304138e+00
-5.358143642544746399e+01 3.164734346792101860e+01 -3.724653944373130798e+01
7.913298711180686951e+01 -1.310872219502925873e+01 5.893459692597389221e+00
3.871396735310554504e+01 -7.539998460561037064e-01 -1.213544338941574097e+01
-1.427511677145957947e+01 -4.551555800251662731e+01 2.101430676877498627e+01
-1.309809759259223938e+01 1.451072733849287033e+01 -1.357202127575874329e+01
3.988968715071678162e+01 -3.042523643001914024e+01 2.453797467052936554e+01
7.796678975224494934e+01 2.429139086045324802e+01 -3.829492926597595215e+01
-5.474878057837486267e+01 -2.063907907344400883e+01 9.805325791239738464e+00
-6.418743193149566650e+01 2.954625045880675316e+01 3.649448275566101074e+01
4.848884344100952148e+01 -1.534723013639450073e+01 -5.356400683522224426e+00
9.357656538486480713e+00 -2.739735068753361702e+00 1.161773845553398132e+01
-2.366896301507949829e+01 -4.762772182933986187e+01 -2.024284951388835907e+01
-3.303365752100944519e+01 2.209518454037606716e+01 1.685677766799926758e+01
1.999204412102699280e+01 -2.266505463980138302e+01 -2.503251977264881134e+01
5.785491392016410828e+01 9.496525842696428299e+00 3.127451464533805847e+01
-7.482288971543312073e+01 -3.525821950286626816e+01 -6.245636194944381714e-01
-4.413392156362533569e+01 3.501468421891331673e+00 -3.323168948292732239e+01
6.858256191015243530e+01 -4.121610988862812519e+01 4.918017461895942688e+00
2.927376210689544678e+01 3.859446145594120026e+01 -1.865525245666503906e+01
-3.712499141693115234e+00 -6.117623019963502884e+00 2.948463730514049530e+01
-8.206970393657684326e+00 3.624315354973077774e+01 -2.796859800815582275e+01
2.376885384321212769e+01 -8.687338512390851974e+00 1.893105261027812958e+01
6.338465034961700439e+01 1.149989524856209755e+00 -2.689092308282852173e+00
-4.893663048744201660e+01 -4.378599503077566624e+01 3.420085377991199493e+01
-7.962467357516288757e+01 6.399441789835691452e+00 2.140602916479110718e+00
5.265731707215309143e+01 -3.848839543759822845e+01 -3.099871449172496796e+01
1.448621079325675964e+01 1.899792681448161602e+01 2.726144492626190186e+01
-3.752844348549842834e+01 -2.589540290646255016e+01 -1.588761337101459503e+01
-2.816404521465301514e+01 3.572209086269140244e-01 2.246186122298240662e+01
3.852137327194213867e+00 -4.439741781912744045e+01 -1.063896588981151581e+01
4.329154282808303833e+01 3.264337876811623573e+01 6.882048249244689941e+00
-6.898952990770339966e+01 -1.211675245314836502e+01 -3.622859604656696320e+01
-5.955117419362068176e+01 2.664274235256016254e+01 -7.586314082145690918e+00
7.276858314871788025e+01 -1.806940716691315174e+01 3.927370183169841766e+01
3.438446357846260071e+01 1.686224848031997681e+01 -2.301232710480690002e+01
-1.759227380156517029e+01 -2.785539353266358376e+01 1.383790798485279083e+01
-1.580979138612747192e+01 2.555181644856929779e+01 3.113400392234325409e+01
3.151759177446365356e+01 -1.969210984185338020e+01 -1.966899633407592773e+00
7.062615990638732910e+01 1.285445329733192921e+01 1.571044094860553741e+01
-5.634355962276458740e+01 -3.238398049958050251e+01 -2.740027979016304016e+01
-6.690528735518455505e+01 -3.643620144575834274e+00 -1.875799767673015594e+01
4.010326460003852844e+01 -4.893294852226972580e+01 2.810209438204765320e+01
2.050006240606307983e+00 3.154842234216630459e+01 -3.434026069939136505e+01
-2.523808911442756653e+01 -1.373541354201734066e+01 2.510050535202026367e+00
-3.587369799613952637e+01 1.065893027000129223e+01 -3.914043657481670380e+01
1.141592085361480713e+01 -3.440926606766879559e+01 7.759290188550949097e+00
5.073750227689743042e+01 2.053829958662390709e+01 -1.401718087494373322e+01
-7.627013653516769409e+01 -2.452440425753593445e+01 2.287284135818481445e+01
-4.695811048150062561e+01 3.779031448997557163e+01 1.081259064376354218e+01
6.001008078455924988e+01 -7.323116967454552650e+00 -2.232680320739746094e+01
2.213321343064308167e+01 5.405280850827693939e+00 3.608968265354633331e+01
-5.195087641477584839e+00 -3.970265811309218407e+01 -7.059452086687088013e+00
-3.878106176853179932e-01 2.306215316057205200e+00 5.528768971562385559e+00
2.732653781771659851e+01 -4.293223926797509193e+01 -3.636060491204261780e+01
6.552018657326698303e+01 3.469107930548489094e+01 2.010275594890117645e+01
-4.246881768107414246e+01 -1.055286911316215992e+01 -1.179639875888824463e+01
-7.177993774414062500e+01 1.818759853020310402e+01 -2.440352447330951691e+01
5.624790370464324951e+01 -2.709608647972345352e+01 1.374625861644744873e+01
1.660833925008773804e+01 8.308056881651282310e+00 -9.983337447047233582e+00
-3.106671661138534546e+01 -3.698112196289002895e+01 3.815662845969200134e+01
-2.043142303824424744e+01 3.389899398200213909e+01 -4.743706062436103821e+00
7.242719680070877075e+00 -1.116360190324485302e+01 3.336636602878570557e+01
4.561398133635520935e+01 -1.292874831706285477e+00 -2.962286405265331268e+01
-6.241538360714912415e+01 -4.636096455156803131e+01 1.847746714949607849e+01
-5.185397058725357056e+01 1.595356107689440250e+01 2.516662426292896271e+01
7.613595157861709595e+01 -2.915444158948957920e+01 -1.668433561921119690e+01
3.671061992645263672e+01 2.865109521895647049e+01 4.461299628019332886e-01
-1.100220024585723877e+01 -1.646240128204226494e+01 -3.141453444957733154e+01
